# relative_time, cycles_done, cur_item, corpus_count, pending_total, pending_favs, map_size, saved_crashes, saved_hangs, max_depth, execs_per_sec, total_execs, edges_found, total_crashes, servers_count
62, 0, 2, 13, 9, 2, 13.42%, 0, 0, 1, 12.92, 777, 8796, 0, 0
67, 0, 2, 13, 9, 2, 13.42%, 0, 0, 1, 12.82, 843, 8796, 0, 0
72, 0, 2, 13, 9, 2, 13.42%, 0, 0, 1, 12.78, 909, 8796, 0, 0
77, 0, 2, 13, 9, 2, 13.42%, 0, 0, 1, 12.79, 975, 8796, 0, 0
83, 0, 2, 14, 10, 2, 13.42%, 0, 0, 2, 12.94, 1041, 8796, 0, 0
107, 0, 2, 15, 11, 2, 13.43%, 0, 0, 2, 0.62, 1102, 8800, 0, 0
175, 0, 2, 17, 13, 2, 13.43%, 0, 0, 2, 0.23, 1158, 8804, 0, 0
214, 0, 2, 18, 14, 2, 13.43%, 0, 0, 2, 0.34, 1183, 8804, 0, 0
221, 0, 2, 18, 14, 2, 13.43%, 0, 1, 2, 0.57, 1207, 8804, 0, 0
233, 0, 2, 19, 15, 2, 13.43%, 0, 1, 2, 1.29, 1236, 8804, 0, 0
243, 0, 2, 20, 16, 2, 13.43%, 0, 1, 2, 1.54, 1273, 8804, 0, 0
249, 0, 2, 20, 16, 2, 13.43%, 0, 2, 2, 0.39, 1284, 8804, 0, 0
254, 0, 2, 20, 16, 2, 13.43%, 0, 2, 2, 13.37, 1337, 8804, 0, 0
259, 0, 2, 20, 16, 2, 13.43%, 1, 2, 2, 13.44, 1361, 8804, 1, 0
267, 0, 2, 20, 16, 2, 13.43%, 1, 2, 2, 0.57, 1397, 8804, 1, 0
275, 0, 2, 20, 16, 2, 13.43%, 1, 2, 2, 0.43, 1438, 8804, 1, 0
280, 0, 2, 20, 16, 2, 13.43%, 1, 2, 2, 13.26, 1486, 8804, 1, 0
285, 0, 2, 20, 16, 2, 13.43%, 2, 2, 2, 12.30, 1540, 8804, 2, 0
292, 0, 2, 20, 16, 2, 13.43%, 2, 2, 2, 0.58, 1570, 8804, 2, 0
297, 0, 2, 20, 16, 2, 13.43%, 2, 2, 2, 13.10, 1636, 8804, 2, 0
302, 0, 2, 20, 16, 2, 13.43%, 2, 2, 2, 12.93, 1702, 8804, 2, 0
308, 0, 2, 20, 16, 2, 13.43%, 2, 2, 2, 12.84, 1768, 8804, 2, 0
313, 0, 2, 20, 16, 2, 13.43%, 2, 2, 2, 12.83, 1834, 8804, 2, 0
318, 0, 2, 20, 16, 2, 13.43%, 2, 2, 2, 12.84, 1900, 8804, 2, 0
323, 0, 2, 20, 16, 2, 13.43%, 2, 2, 2, 12.76, 1966, 8804, 2, 0
328, 0, 2, 20, 16, 2, 13.43%, 2, 2, 2, 12.88, 2032, 8804, 2, 0
333, 0, 2, 20, 16, 2, 13.43%, 2, 2, 2, 12.85, 2098, 8804, 2, 0
339, 0, 2, 20, 16, 2, 13.43%, 2, 2, 2, 12.77, 2164, 8804, 2, 0
344, 0, 2, 20, 16, 2, 13.43%, 2, 2, 2, 12.77, 2230, 8804, 2, 0
349, 0, 2, 20, 16, 2, 13.43%, 2, 2, 2, 12.76, 2296, 8804, 2, 0
354, 0, 2, 20, 16, 2, 13.43%, 2, 2, 2, 12.84, 2362, 8804, 2, 0
359, 0, 2, 20, 16, 2, 13.43%, 2, 2, 2, 12.83, 2428, 8804, 2, 0
365, 0, 2, 20, 16, 2, 13.43%, 2, 2, 2, 0.31, 2433, 8804, 2, 0
370, 0, 2, 21, 17, 2, 13.43%, 2, 2, 2, 2.13, 2448, 8804, 2, 0
377, 0, 2, 22, 18, 2, 13.43%, 2, 3, 2, 0.20, 2467, 8804, 2, 0
384, 0, 2, 23, 19, 2, 13.44%, 2, 3, 2, 0.83, 2485, 8805, 2, 0
389, 0, 2, 23, 19, 2, 13.44%, 2, 3, 2, 0.57, 2492, 8805, 2, 0
396, 0, 2, 23, 19, 2, 13.44%, 2, 3, 2, 0.57, 2500, 8805, 2, 0
406, 0, 2, 23, 19, 2, 13.44%, 2, 4, 2, 0.58, 2516, 8805, 2, 0
416, 0, 2, 24, 20, 2, 13.44%, 2, 4, 2, 0.75, 2532, 8805, 2, 0
422, 0, 2, 24, 20, 2, 13.44%, 2, 4, 2, 0.58, 2544, 8805, 2, 0
427, 0, 2, 24, 20, 2, 13.44%, 2, 4, 2, 4.29, 2549, 8805, 2, 0
433, 0, 2, 24, 20, 2, 13.44%, 2, 5, 2, 0.20, 2552, 8805, 2, 0
438, 0, 2, 24, 20, 2, 13.44%, 2, 5, 2, 1.68, 2557, 8805, 2, 0
443, 0, 2, 24, 20, 2, 13.44%, 2, 5, 2, 0.20, 2560, 8805, 2, 0
448, 0, 2, 24, 20, 2, 13.44%, 2, 5, 2, 1.68, 2565, 8805, 2, 0
455, 0, 2, 24, 20, 2, 13.44%, 2, 5, 2, 1.47, 2576, 8805, 2, 0
460, 0, 2, 24, 20, 2, 13.44%, 2, 5, 2, 1.34, 2579, 8805, 2, 0
467, 0, 2, 24, 20, 2, 13.44%, 2, 5, 2, 0.58, 2592, 8805, 2, 0
472, 0, 2, 24, 20, 2, 13.44%, 2, 5, 2, 0.60, 2595, 8805, 2, 0
478, 0, 2, 24, 20, 2, 13.44%, 2, 5, 2, 0.20, 2600, 8805, 2, 0
484, 0, 2, 24, 20, 2, 13.44%, 2, 5, 2, 1.17, 2603, 8805, 2, 0
489, 0, 2, 24, 20, 2, 13.44%, 2, 5, 2, 0.20, 2608, 8805, 2, 0
495, 0, 2, 24, 20, 2, 13.44%, 2, 5, 2, 1.17, 2611, 8805, 2, 0
501, 0, 2, 24, 20, 2, 13.44%, 2, 5, 2, 0.58, 2624, 8805, 2, 0
507, 0, 2, 24, 20, 2, 13.44%, 2, 5, 2, 0.57, 2626, 8805, 2, 0
512, 0, 2, 24, 20, 2, 13.44%, 2, 5, 2, 0.54, 2627, 8805, 2, 0
517, 0, 2, 24, 20, 2, 13.44%, 2, 5, 2, 0.52, 2628, 8805, 2, 0
522, 0, 2, 24, 20, 2, 13.44%, 2, 5, 2, 0.58, 2637, 8805, 2, 0
528, 0, 2, 24, 20, 2, 13.44%, 2, 5, 2, 0.39, 2642, 8805, 2, 0
533, 0, 2, 24, 20, 2, 13.44%, 2, 5, 2, 0.38, 2643, 8805, 2, 0
538, 0, 2, 24, 20, 2, 13.44%, 2, 5, 2, 0.37, 2644, 8805, 2, 0
543, 0, 2, 24, 20, 2, 13.44%, 2, 5, 2, 0.20, 2646, 8805, 2, 0
548, 0, 2, 24, 20, 2, 13.44%, 2, 5, 2, 0.20, 2647, 8805, 2, 0
553, 0, 2, 24, 20, 2, 13.44%, 2, 5, 2, 0.20, 2649, 8805, 2, 0
558, 0, 2, 24, 20, 2, 13.44%, 2, 5, 2, 0.20, 2650, 8805, 2, 0
564, 0, 2, 24, 20, 2, 13.44%, 2, 5, 2, 0.20, 2652, 8805, 2, 0
569, 0, 2, 24, 20, 2, 13.44%, 2, 5, 2, 0.20, 2654, 8805, 2, 0
575, 0, 2, 24, 20, 2, 13.44%, 2, 5, 2, 0.20, 2656, 8805, 2, 0
580, 0, 2, 24, 20, 2, 13.44%, 2, 5, 2, 0.20, 2657, 8805, 2, 0
585, 0, 2, 24, 20, 2, 13.44%, 2, 5, 2, 0.20, 2659, 8805, 2, 0
591, 0, 2, 24, 20, 2, 13.44%, 2, 5, 2, 0.20, 2661, 8805, 2, 0
596, 0, 2, 24, 20, 2, 13.44%, 2, 5, 2, 0.20, 2662, 8805, 2, 0
601, 0, 2, 24, 20, 2, 13.44%, 2, 5, 2, 0.20, 2664, 8805, 2, 0
607, 0, 2, 24, 20, 2, 13.44%, 2, 5, 2, 0.20, 2666, 8805, 2, 0
612, 0, 2, 24, 20, 2, 13.44%, 2, 5, 2, 0.20, 2668, 8805, 2, 0
618, 0, 2, 24, 20, 2, 13.44%, 2, 5, 2, 0.20, 2670, 8805, 2, 0
624, 0, 2, 24, 20, 2, 13.44%, 2, 5, 2, 0.20, 2672, 8805, 2, 0
629, 0, 2, 24, 20, 2, 13.44%, 2, 5, 2, 0.20, 2674, 8805, 2, 0
635, 0, 2, 24, 20, 2, 13.44%, 2, 5, 2, 0.20, 2676, 8805, 2, 0
640, 0, 2, 24, 20, 2, 13.44%, 2, 5, 2, 0.20, 2677, 8805, 2, 0
646, 0, 2, 24, 20, 2, 13.44%, 2, 5, 2, 0.20, 2679, 8805, 2, 0
652, 0, 2, 24, 20, 2, 13.44%, 2, 5, 2, 0.20, 2681, 8805, 2, 0
658, 0, 2, 24, 20, 2, 13.44%, 2, 5, 2, 0.20, 2683, 8805, 2, 0
663, 0, 2, 24, 20, 2, 13.44%, 2, 5, 2, 0.20, 2685, 8805, 2, 0
669, 0, 2, 24, 20, 2, 13.44%, 2, 5, 2, 0.20, 2687, 8805, 2, 0
675, 0, 2, 24, 20, 2, 13.44%, 2, 5, 2, 0.20, 2688, 8805, 2, 0
681, 0, 2, 24, 20, 2, 13.44%, 2, 5, 2, 0.20, 2690, 8805, 2, 0
686, 0, 2, 24, 20, 2, 13.44%, 2, 5, 2, 0.20, 2691, 8805, 2, 0
692, 0, 2, 24, 20, 2, 13.44%, 2, 5, 2, 0.20, 2693, 8805, 2, 0
698, 0, 2, 24, 20, 2, 13.44%, 2, 5, 2, 0.20, 2695, 8805, 2, 0
704, 0, 2, 24, 20, 2, 13.44%, 2, 5, 2, 0.20, 2697, 8805, 2, 0
713, 0, 2, 25, 21, 2, 13.44%, 2, 5, 2, 0.20, 2737, 8806, 2, 0
721, 0, 2, 25, 21, 2, 13.44%, 2, 5, 2, 0.39, 2766, 8806, 2, 0
726, 0, 2, 25, 21, 2, 13.44%, 2, 5, 2, 0.38, 2767, 8806, 2, 0
731, 0, 2, 25, 21, 2, 13.44%, 2, 5, 2, 0.37, 2768, 8806, 2, 0
736, 0, 2, 25, 21, 2, 13.44%, 2, 5, 2, 0.20, 2770, 8806, 2, 0
741, 0, 2, 25, 21, 2, 13.44%, 2, 5, 2, 0.20, 2771, 8806, 2, 0
746, 0, 2, 25, 21, 2, 13.44%, 2, 5, 2, 0.20, 2773, 8806, 2, 0
751, 0, 2, 25, 21, 2, 13.44%, 2, 5, 2, 0.20, 2774, 8806, 2, 0
757, 0, 2, 25, 21, 2, 13.44%, 2, 5, 2, 0.20, 2776, 8806, 2, 0
762, 0, 2, 25, 21, 2, 13.44%, 2, 5, 2, 0.20, 2778, 8806, 2, 0
768, 0, 2, 25, 21, 2, 13.44%, 2, 5, 2, 0.20, 2780, 8806, 2, 0
773, 0, 2, 25, 21, 2, 13.44%, 2, 5, 2, 0.20, 2781, 8806, 2, 0
778, 0, 2, 25, 21, 2, 13.44%, 2, 5, 2, 0.20, 2783, 8806, 2, 0
784, 0, 2, 25, 21, 2, 13.44%, 2, 5, 2, 0.20, 2785, 8806, 2, 0
789, 0, 2, 25, 21, 2, 13.44%, 2, 5, 2, 0.20, 2786, 8806, 2, 0
794, 0, 2, 25, 21, 2, 13.44%, 2, 5, 2, 0.20, 2788, 8806, 2, 0
800, 0, 2, 25, 21, 2, 13.44%, 2, 5, 2, 0.20, 2790, 8806, 2, 0
805, 0, 2, 25, 21, 2, 13.44%, 2, 5, 2, 0.20, 2792, 8806, 2, 0
811, 0, 2, 25, 21, 2, 13.44%, 2, 5, 2, 0.20, 2794, 8806, 2, 0
817, 0, 2, 25, 21, 2, 13.44%, 2, 5, 2, 0.20, 2796, 8806, 2, 0
822, 0, 2, 25, 21, 2, 13.44%, 2, 5, 2, 0.20, 2798, 8806, 2, 0
828, 0, 2, 25, 21, 2, 13.44%, 2, 5, 2, 0.20, 2800, 8806, 2, 0
833, 0, 2, 25, 21, 2, 13.44%, 2, 5, 2, 0.20, 2801, 8806, 2, 0
839, 0, 2, 25, 21, 2, 13.44%, 2, 5, 2, 0.20, 2803, 8806, 2, 0
845, 0, 2, 25, 21, 2, 13.44%, 2, 5, 2, 0.20, 2805, 8806, 2, 0
851, 0, 2, 25, 21, 2, 13.44%, 2, 5, 2, 0.20, 2807, 8806, 2, 0
856, 0, 2, 25, 21, 2, 13.44%, 2, 5, 2, 0.20, 2809, 8806, 2, 0
862, 0, 2, 25, 21, 2, 13.44%, 2, 5, 2, 0.20, 2811, 8806, 2, 0
867, 0, 2, 25, 21, 2, 13.44%, 2, 5, 2, 0.20, 2812, 8806, 2, 0
873, 0, 2, 25, 21, 2, 13.44%, 2, 5, 2, 0.20, 2814, 8806, 2, 0
878, 0, 2, 25, 21, 2, 13.44%, 2, 5, 2, 0.20, 2815, 8806, 2, 0
884, 0, 2, 25, 21, 2, 13.44%, 2, 5, 2, 0.20, 2817, 8806, 2, 0
890, 0, 2, 25, 21, 2, 13.44%, 2, 5, 2, 0.20, 2819, 8806, 2, 0
896, 0, 2, 25, 21, 2, 13.44%, 2, 5, 2, 0.20, 2821, 8806, 2, 0
902, 0, 2, 25, 21, 2, 13.44%, 2, 5, 2, 0.20, 2822, 8806, 2, 0
907, 0, 2, 25, 21, 2, 13.44%, 2, 5, 2, 0.20, 2823, 8806, 2, 0
912, 0, 2, 25, 21, 2, 13.44%, 2, 5, 2, 0.20, 2824, 8806, 2, 0
917, 0, 2, 25, 21, 2, 13.44%, 2, 5, 2, 0.20, 2826, 8806, 2, 0
922, 0, 2, 25, 21, 2, 13.44%, 2, 5, 2, 0.20, 2827, 8806, 2, 0
927, 0, 2, 25, 21, 2, 13.44%, 2, 5, 2, 0.20, 2829, 8806, 2, 0
932, 0, 2, 25, 21, 2, 13.44%, 2, 5, 2, 0.20, 2830, 8806, 2, 0
938, 0, 2, 25, 21, 2, 13.44%, 2, 5, 2, 0.20, 2832, 8806, 2, 0
943, 0, 2, 25, 21, 2, 13.44%, 2, 5, 2, 0.20, 2834, 8806, 2, 0
948, 0, 2, 25, 21, 2, 13.44%, 2, 5, 2, 0.20, 2836, 8806, 2, 0
954, 0, 2, 25, 21, 2, 13.44%, 2, 5, 2, 0.20, 2837, 8806, 2, 0
959, 0, 2, 25, 21, 2, 13.44%, 2, 5, 2, 0.20, 2839, 8806, 2, 0
964, 0, 2, 25, 21, 2, 13.44%, 2, 5, 2, 0.20, 2841, 8806, 2, 0
970, 0, 2, 25, 21, 2, 13.44%, 2, 5, 2, 0.20, 2842, 8806, 2, 0
975, 0, 2, 25, 21, 2, 13.44%, 2, 5, 2, 0.20, 2844, 8806, 2, 0
981, 0, 2, 25, 21, 2, 13.44%, 2, 5, 2, 0.20, 2846, 8806, 2, 0
986, 0, 2, 25, 21, 2, 13.44%, 2, 5, 2, 0.20, 2848, 8806, 2, 0
992, 0, 2, 25, 21, 2, 13.44%, 2, 5, 2, 0.20, 2850, 8806, 2, 0
998, 0, 2, 25, 21, 2, 13.44%, 2, 5, 2, 0.20, 2852, 8806, 2, 0
1003, 0, 2, 25, 21, 2, 13.44%, 2, 5, 2, 0.20, 2854, 8806, 2, 0
1009, 0, 2, 25, 21, 2, 13.44%, 2, 5, 2, 0.20, 2856, 8806, 2, 0
1014, 0, 2, 25, 21, 2, 13.44%, 2, 5, 2, 0.20, 2857, 8806, 2, 0
1020, 0, 2, 25, 21, 2, 13.44%, 2, 5, 2, 0.20, 2859, 8806, 2, 0
1026, 0, 2, 25, 21, 2, 13.44%, 2, 5, 2, 0.20, 2861, 8806, 2, 0
1032, 0, 2, 25, 21, 2, 13.44%, 2, 5, 2, 0.20, 2863, 8806, 2, 0
1037, 0, 2, 25, 21, 2, 13.44%, 2, 5, 2, 0.20, 2865, 8806, 2, 0
1043, 0, 2, 25, 21, 2, 13.44%, 2, 5, 2, 0.20, 2867, 8806, 2, 0
1048, 0, 2, 25, 21, 2, 13.44%, 2, 5, 2, 0.20, 2868, 8806, 2, 0
1054, 0, 2, 25, 21, 2, 13.44%, 2, 5, 2, 0.20, 2870, 8806, 2, 0
1059, 0, 2, 25, 21, 2, 13.44%, 2, 5, 2, 0.20, 2871, 8806, 2, 0
1065, 0, 2, 25, 21, 2, 13.44%, 2, 5, 2, 0.20, 2873, 8806, 2, 0
1071, 0, 2, 25, 21, 2, 13.44%, 2, 5, 2, 0.20, 2875, 8806, 2, 0
1077, 0, 2, 25, 21, 2, 13.44%, 2, 5, 2, 0.20, 2877, 8806, 2, 0
1082, 0, 2, 25, 21, 2, 13.44%, 2, 5, 2, 0.20, 2878, 8806, 2, 0
1090, 0, 2, 26, 22, 2, 13.44%, 2, 5, 2, 0.38, 2909, 8807, 2, 0
1100, 0, 2, 26, 22, 2, 13.44%, 4, 5, 2, 0.58, 2968, 8807, 7, 0
1105, 0, 15, 26, 20, 5, 13.44%, 4, 5, 2, 13.25, 3037, 8807, 7, 0
1110, 0, 15, 26, 20, 5, 13.44%, 4, 5, 2, 13.20, 3106, 8807, 7, 0
1116, 0, 15, 26, 20, 5, 13.44%, 4, 5, 2, 13.30, 3175, 8807, 7, 0
1121, 0, 15, 26, 20, 5, 13.44%, 4, 5, 2, 13.14, 3241, 8807, 7, 0
1126, 0, 21, 26, 19, 4, 13.44%, 4, 5, 2, 11.73, 3299, 8807, 8, 0
1131, 0, 21, 26, 19, 4, 13.44%, 4, 5, 2, 7.94, 3329, 8807, 8, 0
1136, 0, 21, 26, 19, 4, 13.44%, 4, 5, 2, 6.83, 3360, 8807, 8, 0
1141, 0, 21, 26, 19, 4, 13.44%, 4, 5, 2, 6.69, 3392, 8807, 8, 0
1146, 0, 21, 26, 19, 4, 13.44%, 4, 5, 2, 6.04, 3420, 8807, 8, 0
1151, 0, 22, 26, 18, 3, 13.44%, 4, 5, 2, 10.19, 3472, 8807, 8, 0
1156, 0, 22, 26, 18, 3, 13.44%, 4, 5, 2, 12.88, 3541, 8807, 8, 0
1161, 0, 22, 26, 18, 3, 13.44%, 4, 5, 2, 13.40, 3610, 8807, 8, 0
1167, 0, 22, 26, 18, 3, 13.44%, 5, 5, 2, 12.69, 3673, 8807, 10, 0
1172, 0, 24, 26, 17, 2, 13.44%, 5, 5, 2, 13.12, 3742, 8807, 10, 0
1177, 0, 24, 26, 17, 2, 13.44%, 5, 5, 2, 12.93, 3808, 8807, 10, 0
1185, 0, 24, 26, 17, 2, 13.44%, 5, 5, 2, 0.96, 3871, 8807, 10, 0
1190, 0, 24, 26, 17, 2, 13.44%, 5, 5, 2, 14.55, 3902, 8807, 10, 0
1199, 0, 24, 26, 17, 2, 13.44%, 5, 5, 2, 0.39, 3964, 8807, 10, 0
1204, 0, 25, 26, 16, 1, 13.44%, 5, 5, 2, 16.00, 4039, 8807, 10, 0
1210, 0, 25, 26, 16, 1, 13.44%, 5, 5, 2, 0.39, 4057, 8807, 10, 0
1217, 0, 25, 26, 16, 1, 13.44%, 5, 5, 2, 0.20, 4082, 8807, 10, 0
1222, 0, 25, 26, 16, 1, 13.44%, 5, 5, 2, 0.20, 4083, 8807, 10, 0
1227, 0, 25, 26, 16, 1, 13.44%, 5, 5, 2, 16.08, 4167, 8807, 10, 0
1235, 0, 25, 26, 16, 1, 13.44%, 5, 5, 2, 0.20, 4206, 8807, 10, 0
1240, 0, 25, 26, 16, 1, 13.44%, 5, 5, 2, 0.20, 4207, 8807, 10, 0
1245, 0, 25, 26, 16, 1, 13.44%, 5, 5, 2, 0.20, 4208, 8807, 10, 0
1250, 0, 25, 26, 16, 1, 13.44%, 5, 5, 2, 16.20, 4292, 8807, 10, 0
1256, 0, 25, 26, 16, 1, 13.44%, 5, 5, 2, 16.09, 4376, 8807, 10, 0
1265, 0, 25, 26, 16, 1, 13.44%, 5, 5, 2, 0.20, 4449, 8807, 10, 0
1270, 0, 25, 26, 16, 1, 13.44%, 5, 5, 2, 0.20, 4450, 8807, 10, 0
1275, 0, 25, 26, 16, 1, 13.44%, 5, 5, 2, 0.20, 4451, 8807, 10, 0
1281, 0, 25, 26, 16, 1, 13.44%, 5, 5, 2, 0.20, 4452, 8807, 10, 0
1286, 0, 25, 26, 16, 1, 13.44%, 5, 5, 2, 15.81, 4532, 8807, 10, 0
1291, 0, 25, 26, 16, 1, 13.44%, 5, 5, 2, 15.86, 4612, 8807, 10, 0
1296, 0, 25, 26, 16, 1, 13.44%, 5, 5, 2, 15.90, 4692, 8807, 10, 0
1301, 0, 21, 26, 15, 0, 13.44%, 5, 5, 2, 4.92, 4762, 8807, 11, 0
1310, 0, 22, 26, 15, 0, 13.44%, 5, 5, 2, 0.76, 4798, 8807, 12, 0
1315, 0, 25, 26, 15, 0, 13.44%, 5, 5, 2, 0.77, 4806, 8807, 12, 0
1323, 0, 22, 26, 15, 0, 13.44%, 5, 5, 2, 0.64, 4855, 8807, 15, 0
1330, 0, 22, 26, 15, 0, 13.44%, 5, 6, 2, 0.58, 4874, 8807, 15, 0
1336, 0, 2, 26, 15, 0, 13.44%, 5, 6, 2, 0.84, 4898, 8807, 15, 0
1343, 0, 2, 26, 15, 0, 13.44%, 5, 6, 2, 0.39, 4908, 8807, 15, 0
1349, 0, 2, 26, 15, 0, 13.44%, 5, 6, 2, 0.31, 4914, 8807, 15, 0
1354, 0, 2, 26, 15, 0, 13.44%, 5, 6, 2, 2.36, 4921, 8807, 15, 0
1361, 0, 2, 26, 15, 0, 13.44%, 5, 6, 2, 2.44, 4929, 8807, 15, 0
1371, 0, 2, 26, 15, 0, 13.44%, 5, 6, 2, 0.58, 4945, 8807, 15, 0
1376, 0, 2, 26, 15, 0, 13.44%, 5, 6, 2, 4.55, 4950, 8807, 15, 0
1382, 0, 2, 26, 15, 0, 13.44%, 5, 6, 2, 0.20, 4961, 8807, 15, 0
1387, 0, 2, 26, 15, 0, 13.44%, 5, 6, 2, 1.71, 4966, 8807, 15, 0
1393, 0, 2, 26, 15, 0, 13.44%, 5, 6, 2, 0.20, 4969, 8807, 15, 0
1398, 0, 2, 26, 15, 0, 13.44%, 5, 6, 2, 1.69, 4974, 8807, 15, 0
1403, 0, 2, 26, 15, 0, 13.44%, 5, 6, 2, 0.20, 4977, 8807, 15, 0
1408, 0, 2, 26, 15, 0, 13.44%, 5, 6, 2, 1.70, 4982, 8807, 15, 0
1414, 0, 2, 26, 15, 0, 13.44%, 5, 6, 2, 0.39, 4993, 8807, 15, 0
1420, 0, 2, 26, 15, 0, 13.44%, 5, 6, 2, 0.45, 4996, 8807, 15, 0
1426, 0, 2, 26, 15, 0, 13.44%, 5, 6, 2, 0.76, 5009, 8807, 15, 0
1432, 0, 2, 26, 15, 0, 13.44%, 5, 6, 2, 0.76, 5012, 8807, 15, 0
1438, 0, 2, 26, 15, 0, 13.44%, 5, 6, 2, 0.84, 5017, 8807, 15, 0
1443, 0, 2, 26, 15, 0, 13.44%, 5, 6, 2, 0.82, 5020, 8807, 15, 0
1449, 0, 2, 26, 15, 0, 13.44%, 5, 6, 2, 0.90, 5025, 8807, 15, 0
1455, 0, 2, 26, 15, 0, 13.44%, 5, 6, 2, 0.87, 5028, 8807, 15, 0
1461, 0, 2, 26, 15, 0, 13.44%, 5, 6, 2, 0.77, 5041, 8807, 15, 0
1466, 0, 2, 26, 15, 0, 13.44%, 5, 6, 2, 0.74, 5043, 8807, 15, 0
1471, 0, 2, 26, 15, 0, 13.44%, 5, 6, 2, 0.71, 5044, 8807, 15, 0
1476, 0, 2, 26, 15, 0, 13.44%, 5, 6, 2, 0.68, 5045, 8807, 15, 0
1482, 0, 2, 26, 15, 0, 13.44%, 5, 6, 2, 0.20, 5054, 8807, 15, 0
1487, 0, 2, 26, 15, 0, 13.44%, 5, 6, 2, 0.39, 5059, 8807, 15, 0
1492, 0, 2, 26, 15, 0, 13.44%, 5, 6, 2, 0.38, 5060, 8807, 15, 0
1497, 0, 2, 26, 15, 0, 13.44%, 5, 6, 2, 0.37, 5061, 8807, 15, 0
1502, 0, 2, 26, 15, 0, 13.44%, 5, 6, 2, 0.37, 5063, 8807, 15, 0
1507, 0, 2, 26, 15, 0, 13.44%, 5, 6, 2, 0.36, 5064, 8807, 15, 0
1513, 0, 2, 26, 15, 0, 13.44%, 5, 6, 2, 0.20, 5066, 8807, 15, 0
1518, 0, 2, 26, 15, 0, 13.44%, 5, 6, 2, 0.20, 5067, 8807, 15, 0
1523, 0, 2, 26, 15, 0, 13.44%, 5, 6, 2, 0.20, 5069, 8807, 15, 0
1528, 0, 2, 26, 15, 0, 13.44%, 5, 6, 2, 0.20, 5071, 8807, 15, 0
1534, 0, 2, 26, 15, 0, 13.44%, 5, 6, 2, 0.20, 5073, 8807, 15, 0
1539, 0, 2, 26, 15, 0, 13.44%, 5, 6, 2, 0.20, 5074, 8807, 15, 0
1544, 0, 2, 26, 15, 0, 13.44%, 5, 6, 2, 0.20, 5076, 8807, 15, 0
1550, 0, 2, 26, 15, 0, 13.44%, 5, 6, 2, 0.20, 5078, 8807, 15, 0
1555, 0, 2, 26, 15, 0, 13.44%, 5, 6, 2, 0.20, 5079, 8807, 15, 0
1560, 0, 2, 26, 15, 0, 13.44%, 5, 6, 2, 0.20, 5081, 8807, 15, 0
1566, 0, 2, 26, 15, 0, 13.44%, 5, 6, 2, 0.20, 5083, 8807, 15, 0
1571, 0, 2, 26, 15, 0, 13.44%, 5, 6, 2, 0.20, 5085, 8807, 15, 0
1577, 0, 2, 26, 15, 0, 13.44%, 5, 6, 2, 0.20, 5087, 8807, 15, 0
1583, 0, 2, 26, 15, 0, 13.44%, 5, 6, 2, 0.20, 5089, 8807, 15, 0
1588, 0, 2, 26, 15, 0, 13.44%, 5, 6, 2, 0.20, 5091, 8807, 15, 0
1594, 0, 2, 26, 15, 0, 13.44%, 5, 6, 2, 0.20, 5093, 8807, 15, 0
1599, 0, 2, 26, 15, 0, 13.44%, 5, 6, 2, 0.20, 5094, 8807, 15, 0
1605, 0, 2, 26, 15, 0, 13.44%, 5, 6, 2, 0.20, 5096, 8807, 15, 0
1611, 0, 2, 26, 15, 0, 13.44%, 5, 6, 2, 0.20, 5098, 8807, 15, 0
1617, 0, 2, 26, 15, 0, 13.44%, 5, 6, 2, 0.20, 5100, 8807, 15, 0
1623, 0, 2, 26, 15, 0, 13.44%, 5, 6, 2, 0.20, 5102, 8807, 15, 0
1628, 0, 2, 26, 15, 0, 13.44%, 5, 6, 2, 0.20, 5104, 8807, 15, 0
1633, 0, 2, 26, 15, 0, 13.44%, 5, 6, 2, 0.20, 5105, 8807, 15, 0
1639, 0, 2, 26, 15, 0, 13.44%, 5, 6, 2, 0.20, 5107, 8807, 15, 0
1644, 0, 2, 26, 15, 0, 13.44%, 5, 6, 2, 0.20, 5108, 8807, 15, 0
1650, 0, 2, 26, 15, 0, 13.44%, 5, 6, 2, 0.20, 5110, 8807, 15, 0
1656, 0, 2, 26, 15, 0, 13.44%, 5, 6, 2, 0.20, 5112, 8807, 15, 0
1662, 0, 2, 26, 15, 0, 13.44%, 5, 6, 2, 0.20, 5114, 8807, 15, 0
1670, 0, 2, 26, 15, 0, 13.44%, 5, 6, 2, 0.39, 5142, 8807, 15, 0
1677, 0, 2, 26, 15, 0, 13.44%, 5, 6, 2, 0.39, 5171, 8807, 15, 0
1682, 0, 2, 26, 15, 0, 13.44%, 5, 6, 2, 0.38, 5172, 8807, 15, 0
1687, 0, 2, 26, 15, 0, 13.44%, 5, 6, 2, 0.37, 5173, 8807, 15, 0
1693, 0, 2, 26, 15, 0, 13.44%, 5, 6, 2, 0.37, 5175, 8807, 15, 0
1698, 0, 2, 26, 15, 0, 13.44%, 5, 6, 2, 0.36, 5176, 8807, 15, 0
1703, 0, 2, 26, 15, 0, 13.44%, 5, 6, 2, 0.20, 5178, 8807, 15, 0
1708, 0, 2, 26, 15, 0, 13.44%, 5, 6, 2, 0.20, 5179, 8807, 15, 0
1713, 0, 2, 26, 15, 0, 13.44%, 5, 6, 2, 0.20, 5181, 8807, 15, 0
1719, 0, 2, 26, 15, 0, 13.44%, 5, 6, 2, 0.20, 5183, 8807, 15, 0
1724, 0, 2, 26, 15, 0, 13.44%, 5, 6, 2, 0.20, 5185, 8807, 15, 0
1729, 0, 2, 26, 15, 0, 13.44%, 5, 6, 2, 0.20, 5186, 8807, 15, 0
1735, 0, 2, 26, 15, 0, 13.44%, 5, 6, 2, 0.20, 5188, 8807, 15, 0
1740, 0, 2, 26, 15, 0, 13.44%, 5, 6, 2, 0.20, 5190, 8807, 15, 0
1745, 0, 2, 26, 15, 0, 13.44%, 5, 6, 2, 0.20, 5191, 8807, 15, 0
1751, 0, 2, 26, 15, 0, 13.44%, 5, 6, 2, 0.20, 5193, 8807, 15, 0
1756, 0, 2, 26, 15, 0, 13.44%, 5, 6, 2, 0.20, 5195, 8807, 15, 0
1762, 0, 2, 26, 15, 0, 13.44%, 5, 6, 2, 0.20, 5197, 8807, 15, 0
1768, 0, 2, 26, 15, 0, 13.44%, 5, 6, 2, 0.20, 5199, 8807, 15, 0
1773, 0, 2, 26, 15, 0, 13.44%, 5, 6, 2, 0.20, 5201, 8807, 15, 0
1779, 0, 2, 26, 15, 0, 13.44%, 5, 6, 2, 0.20, 5203, 8807, 15, 0
1785, 0, 2, 26, 15, 0, 13.44%, 5, 6, 2, 0.20, 5205, 8807, 15, 0
1790, 0, 2, 26, 15, 0, 13.44%, 5, 6, 2, 0.20, 5206, 8807, 15, 0
1796, 0, 2, 26, 15, 0, 13.44%, 5, 6, 2, 0.20, 5208, 8807, 15, 0
1801, 0, 2, 26, 15, 0, 13.44%, 5, 6, 2, 0.20, 5210, 8807, 15, 0
1807, 0, 2, 26, 15, 0, 13.44%, 5, 6, 2, 0.20, 5212, 8807, 15, 0
1813, 0, 2, 26, 15, 0, 13.44%, 5, 6, 2, 0.20, 5214, 8807, 15, 0
1819, 0, 2, 26, 15, 0, 13.44%, 5, 6, 2, 0.20, 5216, 8807, 15, 0
1824, 0, 2, 26, 15, 0, 13.44%, 5, 6, 2, 0.20, 5217, 8807, 15, 0
1830, 0, 2, 26, 15, 0, 13.44%, 5, 6, 2, 0.20, 5219, 8807, 15, 0
1835, 0, 2, 26, 15, 0, 13.44%, 5, 6, 2, 0.20, 5220, 8807, 15, 0
1841, 0, 2, 26, 15, 0, 13.44%, 5, 6, 2, 0.20, 5222, 8807, 15, 0
1847, 0, 2, 26, 15, 0, 13.44%, 5, 6, 2, 0.20, 5224, 8807, 15, 0
1853, 0, 2, 26, 15, 0, 13.44%, 5, 6, 2, 0.20, 5226, 8807, 15, 0
1858, 0, 2, 26, 15, 0, 13.44%, 5, 6, 2, 0.20, 5227, 8807, 15, 0
1863, 0, 2, 26, 15, 0, 13.44%, 5, 6, 2, 0.20, 5228, 8807, 15, 0
1868, 0, 2, 26, 15, 0, 13.44%, 5, 6, 2, 0.20, 5229, 8807, 15, 0
1873, 0, 2, 26, 15, 0, 13.44%, 5, 6, 2, 0.21, 5231, 8807, 15, 0
1878, 0, 2, 26, 15, 0, 13.44%, 5, 6, 2, 0.21, 5232, 8807, 15, 0
1884, 0, 2, 26, 15, 0, 13.44%, 5, 6, 2, 0.20, 5234, 8807, 15, 0
1889, 0, 2, 26, 15, 0, 13.44%, 5, 6, 2, 0.20, 5235, 8807, 15, 0
1894, 0, 2, 26, 15, 0, 13.44%, 5, 6, 2, 0.20, 5237, 8807, 15, 0
1899, 0, 2, 26, 15, 0, 13.44%, 5, 6, 2, 0.20, 5239, 8807, 15, 0
1905, 0, 2, 26, 15, 0, 13.44%, 5, 6, 2, 0.20, 5241, 8807, 15, 0
1910, 0, 2, 26, 15, 0, 13.44%, 5, 6, 2, 0.20, 5242, 8807, 15, 0
1915, 0, 2, 26, 15, 0, 13.44%, 5, 6, 2, 0.20, 5244, 8807, 15, 0
1921, 0, 2, 26, 15, 0, 13.44%, 5, 6, 2, 0.20, 5246, 8807, 15, 0
1926, 0, 2, 26, 15, 0, 13.44%, 5, 6, 2, 0.20, 5247, 8807, 15, 0
1931, 0, 2, 26, 15, 0, 13.44%, 5, 6, 2, 0.20, 5249, 8807, 15, 0
1937, 0, 2, 26, 15, 0, 13.44%, 5, 6, 2, 0.20, 5251, 8807, 15, 0
1943, 0, 2, 26, 15, 0, 13.44%, 5, 6, 2, 0.20, 5253, 8807, 15, 0
1948, 0, 2, 26, 15, 0, 13.44%, 5, 6, 2, 0.20, 5255, 8807, 15, 0
1954, 0, 2, 26, 15, 0, 13.44%, 5, 6, 2, 0.20, 5257, 8807, 15, 0
1960, 0, 2, 26, 15, 0, 13.44%, 5, 6, 2, 0.20, 5259, 8807, 15, 0
1965, 0, 2, 26, 15, 0, 13.44%, 5, 6, 2, 0.20, 5261, 8807, 15, 0
1970, 0, 2, 26, 15, 0, 13.44%, 5, 6, 2, 0.20, 5262, 8807, 15, 0
1976, 0, 2, 26, 15, 0, 13.44%, 5, 6, 2, 0.20, 5264, 8807, 15, 0
1982, 0, 2, 26, 15, 0, 13.44%, 5, 6, 2, 0.20, 5266, 8807, 15, 0
1988, 0, 2, 26, 15, 0, 13.44%, 5, 6, 2, 0.20, 5268, 8807, 15, 0
1994, 0, 2, 26, 15, 0, 13.44%, 5, 6, 2, 0.20, 5270, 8807, 15, 0
2000, 0, 2, 26, 15, 0, 13.44%, 5, 6, 2, 0.20, 5272, 8807, 15, 0
2005, 0, 2, 26, 15, 0, 13.44%, 5, 6, 2, 0.20, 5273, 8807, 15, 0
2011, 0, 2, 26, 15, 0, 13.44%, 5, 6, 2, 0.20, 5275, 8807, 15, 0
2016, 0, 2, 26, 15, 0, 13.44%, 5, 6, 2, 0.20, 5276, 8807, 15, 0
2022, 0, 2, 26, 15, 0, 13.44%, 5, 6, 2, 0.20, 5278, 8807, 15, 0
2028, 0, 2, 26, 15, 0, 13.44%, 5, 6, 2, 0.20, 5280, 8807, 15, 0
2034, 0, 2, 26, 15, 0, 13.44%, 5, 6, 2, 0.20, 5282, 8807, 15, 0
2039, 0, 2, 26, 15, 0, 13.44%, 5, 6, 2, 0.20, 5283, 8807, 15, 0
2044, 0, 2, 26, 15, 0, 13.44%, 5, 6, 2, 0.20, 5284, 8807, 15, 0
2049, 0, 2, 26, 15, 0, 13.44%, 5, 6, 2, 0.20, 5285, 8807, 15, 0
2054, 0, 2, 26, 15, 0, 13.44%, 5, 6, 2, 0.21, 5287, 8807, 15, 0
2059, 0, 2, 26, 15, 0, 13.44%, 5, 6, 2, 0.21, 5288, 8807, 15, 0
2064, 0, 2, 26, 15, 0, 13.44%, 5, 6, 2, 0.20, 5290, 8807, 15, 0
2069, 0, 2, 26, 15, 0, 13.44%, 5, 6, 2, 0.20, 5291, 8807, 15, 0
2075, 0, 2, 26, 15, 0, 13.44%, 5, 6, 2, 0.20, 5293, 8807, 15, 0
2080, 0, 2, 26, 15, 0, 13.44%, 5, 6, 2, 0.20, 5295, 8807, 15, 0
2086, 0, 2, 26, 15, 0, 13.44%, 5, 6, 2, 0.20, 5297, 8807, 15, 0
2091, 0, 2, 26, 15, 0, 13.44%, 5, 6, 2, 0.20, 5298, 8807, 15, 0
2096, 0, 2, 26, 15, 0, 13.44%, 5, 6, 2, 0.20, 5300, 8807, 15, 0
2102, 0, 2, 26, 15, 0, 13.44%, 5, 6, 2, 0.20, 5302, 8807, 15, 0
2107, 0, 2, 26, 15, 0, 13.44%, 5, 6, 2, 0.20, 5303, 8807, 15, 0
2112, 0, 2, 26, 15, 0, 13.44%, 5, 6, 2, 0.20, 5305, 8807, 15, 0
2118, 0, 2, 26, 15, 0, 13.44%, 5, 6, 2, 0.20, 5307, 8807, 15, 0
2123, 0, 2, 26, 15, 0, 13.44%, 5, 6, 2, 0.20, 5309, 8807, 15, 0
2129, 0, 2, 26, 15, 0, 13.44%, 5, 6, 2, 0.20, 5311, 8807, 15, 0
2135, 0, 2, 26, 15, 0, 13.44%, 5, 6, 2, 0.20, 5313, 8807, 15, 0
2140, 0, 2, 26, 15, 0, 13.44%, 5, 6, 2, 0.20, 5315, 8807, 15, 0
2146, 0, 2, 26, 15, 0, 13.44%, 5, 6, 2, 0.20, 5317, 8807, 15, 0
2151, 0, 2, 26, 15, 0, 13.44%, 5, 6, 2, 0.20, 5318, 8807, 15, 0
2157, 0, 2, 26, 15, 0, 13.44%, 5, 6, 2, 0.20, 5320, 8807, 15, 0
2163, 0, 2, 26, 15, 0, 13.44%, 5, 6, 2, 0.20, 5322, 8807, 15, 0
2169, 0, 2, 26, 15, 0, 13.44%, 5, 6, 2, 0.20, 5324, 8807, 15, 0
2174, 0, 2, 26, 15, 0, 13.44%, 5, 6, 2, 0.20, 5326, 8807, 15, 0
2180, 0, 2, 26, 15, 0, 13.44%, 5, 6, 2, 0.20, 5328, 8807, 15, 0
2185, 0, 2, 26, 15, 0, 13.44%, 5, 6, 2, 0.20, 5329, 8807, 15, 0
2191, 0, 2, 26, 15, 0, 13.44%, 5, 6, 2, 0.20, 5331, 8807, 15, 0
2196, 0, 2, 26, 15, 0, 13.44%, 5, 6, 2, 0.20, 5332, 8807, 15, 0
2202, 0, 2, 26, 15, 0, 13.44%, 5, 6, 2, 0.20, 5334, 8807, 15, 0
2208, 0, 2, 26, 15, 0, 13.44%, 5, 6, 2, 0.20, 5336, 8807, 15, 0
2214, 0, 2, 26, 15, 0, 13.44%, 5, 6, 2, 0.20, 5338, 8807, 15, 0
2219, 0, 2, 26, 15, 0, 13.44%, 5, 6, 2, 16.46, 5412, 8807, 15, 0
2224, 0, 2, 26, 15, 0, 13.44%, 5, 6, 2, 16.52, 5496, 8807, 15, 0
2229, 0, 2, 26, 15, 0, 13.44%, 5, 6, 2, 16.63, 5580, 8807, 15, 0
2235, 0, 2, 26, 15, 0, 13.44%, 5, 6, 2, 16.36, 5664, 8807, 15, 0
2240, 0, 2, 26, 15, 0, 13.44%, 5, 6, 2, 0.58, 5667, 8807, 15, 0
2247, 0, 2, 26, 15, 0, 13.44%, 5, 6, 2, 0.70, 5733, 8807, 16, 0
2256, 0, 2, 26, 15, 0, 13.44%, 5, 6, 2, 0.20, 5768, 8807, 16, 0
2262, 0, 2, 26, 15, 0, 13.44%, 5, 6, 2, 0.29, 5799, 8807, 17, 0
2271, 0, 2, 26, 15, 0, 13.44%, 5, 6, 2, 0.39, 5810, 8807, 17, 0
2277, 0, 2, 26, 15, 0, 13.44%, 5, 6, 2, 0.31, 5816, 8807, 17, 0
2282, 0, 2, 26, 15, 0, 13.44%, 5, 6, 2, 2.34, 5823, 8807, 17, 0
2289, 0, 2, 26, 15, 0, 13.44%, 5, 6, 2, 2.43, 5831, 8807, 17, 0
2299, 0, 2, 26, 15, 0, 13.44%, 5, 6, 2, 0.58, 5847, 8807, 17, 0
2304, 0, 2, 26, 15, 0, 13.44%, 5, 6, 2, 4.61, 5852, 8807, 17, 0
2310, 0, 2, 26, 15, 0, 13.44%, 5, 6, 2, 0.20, 5863, 8807, 17, 0
2315, 0, 2, 26, 15, 0, 13.44%, 5, 6, 2, 1.70, 5868, 8807, 17, 0
2321, 0, 2, 26, 15, 0, 13.44%, 5, 6, 2, 1.63, 5871, 8807, 17, 0
2326, 0, 2, 26, 15, 0, 13.44%, 5, 6, 2, 1.75, 5876, 8807, 17, 0
2331, 0, 2, 26, 15, 0, 13.44%, 5, 6, 2, 0.20, 5879, 8807, 17, 0
2336, 0, 2, 26, 15, 0, 13.44%, 5, 6, 2, 1.69, 5884, 8807, 17, 0
2343, 0, 2, 26, 15, 0, 13.44%, 5, 6, 2, 0.39, 5895, 8807, 17, 0
2348, 0, 2, 26, 15, 0, 13.44%, 5, 6, 2, 0.45, 5898, 8807, 17, 0
2354, 0, 2, 26, 15, 0, 13.44%, 5, 6, 2, 0.76, 5911, 8807, 17, 0
2360, 0, 2, 26, 15, 0, 13.44%, 5, 6, 2, 0.76, 5914, 8807, 17, 0
2366, 0, 2, 26, 15, 0, 13.44%, 5, 6, 2, 0.84, 5919, 8807, 17, 0
2371, 0, 2, 26, 15, 0, 13.44%, 5, 6, 2, 0.82, 5922, 8807, 17, 0
2377, 0, 2, 26, 15, 0, 13.44%, 5, 6, 2, 0.90, 5927, 8807, 17, 0
2383, 0, 2, 26, 15, 0, 13.44%, 5, 6, 2, 0.87, 5930, 8807, 17, 0
2389, 0, 2, 26, 15, 0, 13.44%, 5, 6, 2, 0.76, 5943, 8807, 17, 0
2394, 0, 2, 26, 15, 0, 13.44%, 5, 6, 2, 0.74, 5945, 8807, 17, 0
2399, 0, 2, 26, 15, 0, 13.44%, 5, 6, 2, 0.71, 5946, 8807, 17, 0
2404, 0, 2, 26, 15, 0, 13.44%, 5, 6, 2, 0.68, 5947, 8807, 17, 0
2410, 0, 2, 26, 15, 0, 13.44%, 5, 6, 2, 0.20, 5956, 8807, 17, 0
2415, 0, 2, 26, 15, 0, 13.44%, 5, 6, 2, 0.20, 5961, 8807, 17, 0
2420, 0, 2, 26, 15, 0, 13.44%, 5, 6, 2, 0.20, 5962, 8807, 17, 0
2425, 0, 2, 26, 15, 0, 13.44%, 5, 6, 2, 0.20, 5963, 8807, 17, 0
2430, 0, 2, 26, 15, 0, 13.44%, 5, 6, 2, 0.21, 5965, 8807, 17, 0
2435, 0, 2, 26, 15, 0, 13.44%, 5, 6, 2, 0.21, 5966, 8807, 17, 0
2441, 0, 2, 26, 15, 0, 13.44%, 5, 6, 2, 0.20, 5968, 8807, 17, 0
2446, 0, 2, 26, 15, 0, 13.44%, 5, 6, 2, 0.20, 5969, 8807, 17, 0
2451, 0, 2, 26, 15, 0, 13.44%, 5, 6, 2, 0.20, 5971, 8807, 17, 0
2456, 0, 2, 26, 15, 0, 13.44%, 5, 6, 2, 0.20, 5973, 8807, 17, 0
2462, 0, 2, 26, 15, 0, 13.44%, 5, 6, 2, 0.20, 5975, 8807, 17, 0
2467, 0, 2, 26, 15, 0, 13.44%, 5, 6, 2, 0.20, 5976, 8807, 17, 0
2472, 0, 2, 26, 15, 0, 13.44%, 5, 6, 2, 0.20, 5978, 8807, 17, 0
2478, 0, 2, 26, 15, 0, 13.44%, 5, 6, 2, 0.20, 5980, 8807, 17, 0
2483, 0, 2, 26, 15, 0, 13.44%, 5, 6, 2, 0.20, 5981, 8807, 17, 0
2489, 0, 2, 26, 15, 0, 13.44%, 5, 6, 2, 0.20, 5983, 8807, 17, 0
2494, 0, 2, 26, 15, 0, 13.44%, 5, 6, 2, 0.20, 5985, 8807, 17, 0
2500, 0, 2, 26, 15, 0, 13.44%, 5, 6, 2, 0.20, 5987, 8807, 17, 0
2505, 0, 2, 26, 15, 0, 13.44%, 5, 6, 2, 0.20, 5989, 8807, 17, 0
2511, 0, 2, 26, 15, 0, 13.44%, 5, 6, 2, 0.20, 5991, 8807, 17, 0
2517, 0, 2, 26, 15, 0, 13.44%, 5, 6, 2, 0.20, 5993, 8807, 17, 0
2522, 0, 2, 26, 15, 0, 13.44%, 5, 6, 2, 0.20, 5995, 8807, 17, 0
2528, 0, 2, 26, 15, 0, 13.44%, 5, 6, 2, 0.20, 5996, 8807, 17, 0
2533, 0, 2, 26, 15, 0, 13.44%, 5, 6, 2, 0.20, 5998, 8807, 17, 0
2539, 0, 2, 26, 15, 0, 13.44%, 5, 6, 2, 0.20, 6000, 8807, 17, 0
2545, 0, 2, 26, 15, 0, 13.44%, 5, 6, 2, 0.20, 6002, 8807, 17, 0
2551, 0, 2, 26, 15, 0, 13.44%, 5, 6, 2, 0.20, 6004, 8807, 17, 0
2557, 0, 2, 26, 15, 0, 13.44%, 5, 6, 2, 0.20, 6006, 8807, 17, 0
2562, 0, 2, 26, 15, 0, 13.44%, 5, 6, 2, 0.20, 6007, 8807, 17, 0
2568, 0, 2, 26, 15, 0, 13.44%, 5, 6, 2, 0.20, 6009, 8807, 17, 0
2573, 0, 2, 26, 15, 0, 13.44%, 5, 6, 2, 0.20, 6010, 8807, 17, 0
2579, 0, 2, 26, 15, 0, 13.44%, 5, 6, 2, 0.20, 6012, 8807, 17, 0
2585, 0, 2, 26, 15, 0, 13.44%, 5, 6, 2, 0.20, 6014, 8807, 17, 0
2591, 0, 2, 26, 15, 0, 13.44%, 5, 6, 2, 0.20, 6016, 8807, 17, 0
2598, 0, 2, 26, 15, 0, 13.44%, 5, 6, 2, 0.39, 6044, 8807, 17, 0
2606, 0, 2, 26, 15, 0, 13.44%, 5, 6, 2, 0.39, 6073, 8807, 17, 0
2611, 0, 2, 26, 15, 0, 13.44%, 5, 6, 2, 0.38, 6074, 8807, 17, 0
2616, 0, 2, 26, 15, 0, 13.44%, 5, 6, 2, 0.37, 6075, 8807, 17, 0
2621, 0, 2, 26, 15, 0, 13.44%, 5, 6, 2, 0.20, 6077, 8807, 17, 0
2626, 0, 2, 26, 15, 0, 13.44%, 5, 6, 2, 0.20, 6078, 8807, 17, 0
2631, 0, 2, 26, 15, 0, 13.44%, 5, 6, 2, 0.20, 6080, 8807, 17, 0
2637, 0, 2, 26, 15, 0, 13.44%, 5, 6, 2, 0.20, 6081, 8807, 17, 0
2642, 0, 2, 26, 15, 0, 13.44%, 5, 6, 2, 0.20, 6083, 8807, 17, 0
2647, 0, 2, 26, 15, 0, 13.44%, 5, 6, 2, 0.20, 6085, 8807, 17, 0
2653, 0, 2, 26, 15, 0, 13.44%, 5, 6, 2, 0.20, 6087, 8807, 17, 0
2658, 0, 2, 26, 15, 0, 13.44%, 5, 6, 2, 0.20, 6088, 8807, 17, 0
2663, 0, 2, 26, 15, 0, 13.44%, 5, 6, 2, 0.20, 6090, 8807, 17, 0
2669, 0, 2, 26, 15, 0, 13.44%, 5, 6, 2, 0.20, 6092, 8807, 17, 0
2674, 0, 2, 26, 15, 0, 13.44%, 5, 6, 2, 0.20, 6093, 8807, 17, 0
2679, 0, 2, 26, 15, 0, 13.44%, 5, 6, 2, 0.20, 6095, 8807, 17, 0
2685, 0, 2, 26, 15, 0, 13.44%, 5, 6, 2, 0.20, 6097, 8807, 17, 0
2691, 0, 2, 26, 15, 0, 13.44%, 5, 6, 2, 0.20, 6099, 8807, 17, 0
2696, 0, 2, 26, 15, 0, 13.44%, 5, 6, 2, 0.20, 6101, 8807, 17, 0
2702, 0, 2, 26, 15, 0, 13.44%, 5, 6, 2, 0.20, 6103, 8807, 17, 0
2708, 0, 2, 26, 15, 0, 13.44%, 5, 6, 2, 0.20, 6105, 8807, 17, 0
2713, 0, 2, 26, 15, 0, 13.44%, 5, 6, 2, 0.20, 6107, 8807, 17, 0
2718, 0, 2, 26, 15, 0, 13.44%, 5, 6, 2, 0.20, 6108, 8807, 17, 0
2724, 0, 2, 26, 15, 0, 13.44%, 5, 6, 2, 0.20, 6110, 8807, 17, 0
2730, 0, 2, 26, 15, 0, 13.44%, 5, 6, 2, 0.20, 6112, 8807, 17, 0
2736, 0, 2, 26, 15, 0, 13.44%, 5, 6, 2, 0.20, 6114, 8807, 17, 0
2742, 0, 2, 26, 15, 0, 13.44%, 5, 6, 2, 0.20, 6116, 8807, 17, 0
2747, 0, 2, 26, 15, 0, 13.44%, 5, 6, 2, 0.20, 6118, 8807, 17, 0
2753, 0, 2, 26, 15, 0, 13.44%, 5, 6, 2, 0.20, 6119, 8807, 17, 0
2758, 0, 2, 26, 15, 0, 13.44%, 5, 6, 2, 0.20, 6121, 8807, 17, 0
2764, 0, 2, 26, 15, 0, 13.44%, 5, 6, 2, 0.20, 6122, 8807, 17, 0
2770, 0, 2, 26, 15, 0, 13.44%, 5, 6, 2, 0.20, 6124, 8807, 17, 0
2776, 0, 2, 26, 15, 0, 13.44%, 5, 6, 2, 0.20, 6126, 8807, 17, 0
2782, 0, 2, 26, 15, 0, 13.44%, 5, 6, 2, 0.20, 6128, 8807, 17, 0
2787, 0, 2, 26, 15, 0, 13.44%, 5, 6, 2, 0.20, 6129, 8807, 17, 0
2792, 0, 2, 26, 15, 0, 13.44%, 5, 6, 2, 0.20, 6130, 8807, 17, 0
2797, 0, 2, 26, 15, 0, 13.44%, 5, 6, 2, 0.20, 6131, 8807, 17, 0
2802, 0, 2, 26, 15, 0, 13.44%, 5, 6, 2, 0.21, 6133, 8807, 17, 0
2807, 0, 2, 26, 15, 0, 13.44%, 5, 6, 2, 0.21, 6134, 8807, 17, 0
2812, 0, 2, 26, 15, 0, 13.44%, 5, 6, 2, 0.20, 6136, 8807, 17, 0
2817, 0, 2, 26, 15, 0, 13.44%, 5, 6, 2, 0.20, 6137, 8807, 17, 0
2823, 0, 2, 26, 15, 0, 13.44%, 5, 6, 2, 0.20, 6139, 8807, 17, 0
2828, 0, 2, 26, 15, 0, 13.44%, 5, 6, 2, 0.20, 6141, 8807, 17, 0
2834, 0, 2, 26, 15, 0, 13.44%, 5, 6, 2, 0.20, 6143, 8807, 17, 0
2839, 0, 2, 26, 15, 0, 13.44%, 5, 6, 2, 0.20, 6144, 8807, 17, 0
2844, 0, 2, 26, 15, 0, 13.44%, 5, 6, 2, 0.20, 6146, 8807, 17, 0
2850, 0, 2, 26, 15, 0, 13.44%, 5, 6, 2, 0.20, 6148, 8807, 17, 0
2855, 0, 2, 26, 15, 0, 13.44%, 5, 6, 2, 0.20, 6149, 8807, 17, 0
2860, 0, 2, 26, 15, 0, 13.44%, 5, 6, 2, 0.20, 6151, 8807, 17, 0
2866, 0, 2, 26, 15, 0, 13.44%, 5, 6, 2, 0.20, 6153, 8807, 17, 0
2871, 0, 2, 26, 15, 0, 13.44%, 5, 6, 2, 0.20, 6155, 8807, 17, 0
2877, 0, 2, 26, 15, 0, 13.44%, 5, 6, 2, 0.20, 6157, 8807, 17, 0
2883, 0, 2, 26, 15, 0, 13.44%, 5, 6, 2, 0.20, 6159, 8807, 17, 0
2888, 0, 2, 26, 15, 0, 13.44%, 5, 6, 2, 0.20, 6161, 8807, 17, 0
2894, 0, 2, 26, 15, 0, 13.44%, 5, 6, 2, 0.20, 6163, 8807, 17, 0
2899, 0, 2, 26, 15, 0, 13.44%, 5, 6, 2, 0.20, 6164, 8807, 17, 0
2905, 0, 2, 26, 15, 0, 13.44%, 5, 6, 2, 0.20, 6166, 8807, 17, 0
2911, 0, 2, 26, 15, 0, 13.44%, 5, 6, 2, 0.20, 6168, 8807, 17, 0
2917, 0, 2, 26, 15, 0, 13.44%, 5, 6, 2, 0.20, 6170, 8807, 17, 0
2923, 0, 2, 26, 15, 0, 13.44%, 5, 6, 2, 0.20, 6172, 8807, 17, 0
2928, 0, 2, 26, 15, 0, 13.44%, 5, 6, 2, 0.20, 6174, 8807, 17, 0
2933, 0, 2, 26, 15, 0, 13.44%, 5, 6, 2, 0.20, 6175, 8807, 17, 0
2939, 0, 2, 26, 15, 0, 13.44%, 5, 6, 2, 0.20, 6177, 8807, 17, 0
2944, 0, 2, 26, 15, 0, 13.44%, 5, 6, 2, 0.20, 6178, 8807, 17, 0
2950, 0, 2, 26, 15, 0, 13.44%, 5, 6, 2, 0.20, 6180, 8807, 17, 0
2956, 0, 2, 26, 15, 0, 13.44%, 5, 6, 2, 0.20, 6182, 8807, 17, 0
2962, 0, 2, 26, 15, 0, 13.44%, 5, 6, 2, 0.20, 6184, 8807, 17, 0
2968, 0, 2, 26, 15, 0, 13.44%, 5, 6, 2, 0.20, 6185, 8807, 17, 0
2973, 0, 2, 26, 15, 0, 13.44%, 5, 6, 2, 0.20, 6186, 8807, 17, 0
2978, 0, 2, 26, 15, 0, 13.44%, 5, 6, 2, 0.20, 6187, 8807, 17, 0
2983, 0, 2, 26, 15, 0, 13.44%, 5, 6, 2, 0.21, 6189, 8807, 17, 0
2988, 0, 2, 26, 15, 0, 13.44%, 5, 6, 2, 0.21, 6190, 8807, 17, 0
2993, 0, 2, 26, 15, 0, 13.44%, 5, 6, 2, 0.20, 6192, 8807, 17, 0
2998, 0, 2, 26, 15, 0, 13.44%, 5, 6, 2, 0.20, 6193, 8807, 17, 0
3004, 0, 2, 26, 15, 0, 13.44%, 5, 6, 2, 0.20, 6195, 8807, 17, 0
3009, 0, 2, 26, 15, 0, 13.44%, 5, 6, 2, 0.20, 6197, 8807, 17, 0
3014, 0, 2, 26, 15, 0, 13.44%, 5, 6, 2, 0.20, 6199, 8807, 17, 0
3019, 0, 2, 26, 15, 0, 13.44%, 5, 6, 2, 0.20, 6200, 8807, 17, 0
3025, 0, 2, 26, 15, 0, 13.44%, 5, 6, 2, 0.20, 6202, 8807, 17, 0
3030, 0, 2, 26, 15, 0, 13.44%, 5, 6, 2, 0.20, 6204, 8807, 17, 0
3035, 0, 2, 26, 15, 0, 13.44%, 5, 6, 2, 0.20, 6205, 8807, 17, 0
3041, 0, 2, 26, 15, 0, 13.44%, 5, 6, 2, 0.20, 6207, 8807, 17, 0
3047, 0, 2, 26, 15, 0, 13.44%, 5, 6, 2, 0.20, 6209, 8807, 17, 0
3052, 0, 2, 26, 15, 0, 13.44%, 5, 6, 2, 0.20, 6211, 8807, 17, 0
3058, 0, 2, 26, 15, 0, 13.44%, 5, 6, 2, 0.20, 6213, 8807, 17, 0
3064, 0, 2, 26, 15, 0, 13.44%, 5, 6, 2, 0.20, 6215, 8807, 17, 0
3069, 0, 2, 26, 15, 0, 13.44%, 5, 6, 2, 0.20, 6217, 8807, 17, 0
3075, 0, 2, 26, 15, 0, 13.44%, 5, 6, 2, 0.20, 6219, 8807, 17, 0
3080, 0, 2, 26, 15, 0, 13.44%, 5, 6, 2, 0.20, 6220, 8807, 17, 0
3086, 0, 2, 26, 15, 0, 13.44%, 5, 6, 2, 0.20, 6222, 8807, 17, 0
3092, 0, 2, 26, 15, 0, 13.44%, 5, 6, 2, 0.20, 6224, 8807, 17, 0
3097, 0, 2, 26, 15, 0, 13.44%, 5, 6, 2, 0.20, 6226, 8807, 17, 0
3103, 0, 2, 26, 15, 0, 13.44%, 5, 6, 2, 0.20, 6228, 8807, 17, 0
3109, 0, 2, 26, 15, 0, 13.44%, 5, 6, 2, 0.20, 6230, 8807, 17, 0
3114, 0, 2, 26, 15, 0, 13.44%, 5, 6, 2, 0.20, 6231, 8807, 17, 0
3120, 0, 2, 26, 15, 0, 13.44%, 5, 6, 2, 0.20, 6233, 8807, 17, 0
3125, 0, 2, 26, 15, 0, 13.44%, 5, 6, 2, 0.20, 6234, 8807, 17, 0
3131, 0, 2, 26, 15, 0, 13.44%, 5, 6, 2, 0.20, 6236, 8807, 17, 0
3137, 0, 2, 26, 15, 0, 13.44%, 5, 6, 2, 0.20, 6238, 8807, 17, 0
3143, 0, 2, 26, 15, 0, 13.44%, 5, 6, 2, 0.20, 6240, 8807, 17, 0
3148, 0, 2, 26, 15, 0, 13.44%, 5, 6, 2, 16.43, 6314, 8807, 17, 0
3153, 0, 2, 26, 15, 0, 13.44%, 5, 6, 2, 16.53, 6398, 8807, 17, 0
3159, 0, 2, 26, 15, 0, 13.44%, 5, 6, 2, 16.63, 6482, 8807, 17, 0
3164, 0, 2, 26, 15, 0, 13.44%, 5, 6, 2, 15.72, 6548, 8807, 17, 0
3170, 0, 14, 26, 15, 0, 13.44%, 5, 6, 2, 2.23, 6617, 8807, 19, 0
3176, 0, 14, 26, 15, 0, 13.44%, 5, 6, 2, 1.87, 6621, 8807, 19, 0
3183, 0, 14, 26, 15, 0, 13.44%, 5, 6, 2, 1.58, 6625, 8807, 19, 0
3189, 0, 14, 26, 15, 0, 13.44%, 5, 6, 2, 1.36, 6629, 8807, 19, 0
3195, 0, 14, 26, 15, 0, 13.44%, 5, 6, 2, 1.20, 6633, 8807, 19, 0
3202, 0, 14, 26, 15, 0, 13.44%, 5, 6, 2, 1.06, 6637, 8807, 19, 0
3208, 0, 14, 26, 15, 0, 13.44%, 5, 6, 2, 0.96, 6641, 8807, 19, 0
3215, 0, 14, 26, 15, 0, 13.44%, 5, 6, 2, 0.89, 6645, 8807, 19, 0
3221, 0, 14, 26, 15, 0, 13.44%, 5, 6, 2, 0.83, 6649, 8807, 19, 0
3228, 0, 14, 26, 15, 0, 13.44%, 5, 6, 2, 0.78, 6653, 8807, 19, 0
3234, 0, 14, 26, 15, 0, 13.44%, 5, 6, 2, 0.74, 6657, 8807, 19, 0
3241, 0, 14, 26, 15, 0, 13.44%, 5, 6, 2, 0.74, 6662, 8807, 19, 0
3247, 0, 14, 26, 15, 0, 13.44%, 5, 6, 2, 0.72, 6666, 8807, 19, 0
3254, 0, 14, 26, 15, 0, 13.44%, 5, 6, 2, 0.69, 6670, 8807, 19, 0
3260, 0, 14, 26, 15, 0, 13.44%, 5, 6, 2, 0.68, 6674, 8807, 19, 0
3266, 0, 14, 26, 15, 0, 13.44%, 5, 6, 2, 0.62, 6680, 8807, 19, 0
3271, 0, 14, 26, 15, 0, 13.44%, 5, 6, 2, 16.74, 6687, 8807, 19, 0
3276, 0, 14, 26, 15, 0, 13.44%, 5, 6, 2, 0.61, 6692, 8807, 19, 0
3282, 0, 14, 26, 15, 0, 13.44%, 5, 6, 2, 0.61, 6696, 8807, 19, 0
3287, 0, 14, 26, 15, 0, 13.44%, 5, 6, 2, 0.71, 6702, 8807, 19, 0
3293, 0, 14, 26, 15, 0, 13.44%, 5, 6, 2, 0.71, 6705, 8807, 19, 0
3298, 0, 19, 26, 14, 0, 13.44%, 5, 6, 2, 1.54, 6716, 8807, 19, 0
3303, 0, 19, 26, 14, 0, 13.44%, 5, 6, 2, 1.68, 6726, 8807, 19, 0
3308, 0, 19, 26, 14, 0, 13.44%, 5, 6, 2, 1.64, 6734, 8807, 19, 0
3313, 0, 19, 26, 14, 0, 13.44%, 5, 6, 2, 1.60, 6742, 8807, 19, 0
3319, 0, 19, 26, 14, 0, 13.44%, 5, 6, 2, 1.53, 6754, 8807, 19, 0
3324, 0, 19, 26, 14, 0, 13.44%, 5, 6, 2, 1.53, 6762, 8807, 19, 0
3329, 0, 19, 26, 14, 0, 13.44%, 5, 6, 2, 1.54, 6770, 8807, 19, 0
3338, 0, 19, 26, 14, 0, 13.44%, 5, 6, 2, 1.49, 6780, 8807, 19, 0
3344, 0, 19, 26, 14, 0, 13.44%, 5, 6, 2, 2.35, 6793, 8807, 19, 0
3349, 0, 19, 26, 14, 0, 13.44%, 5, 6, 2, 2.03, 6801, 8807, 19, 0
3354, 0, 19, 26, 14, 0, 13.44%, 5, 6, 2, 1.84, 6809, 8807, 19, 0
3359, 0, 19, 26, 14, 0, 13.44%, 5, 6, 2, 1.72, 6817, 8807, 19, 0
3365, 0, 19, 26, 14, 0, 13.44%, 5, 6, 2, 1.65, 6825, 8807, 19, 0
3370, 0, 19, 26, 14, 0, 13.44%, 5, 6, 2, 1.61, 6833, 8807, 19, 0
3375, 0, 19, 26, 14, 0, 13.44%, 5, 6, 2, 1.55, 6858, 8807, 19, 0
3380, 0, 19, 26, 14, 0, 13.44%, 5, 6, 2, 1.55, 6866, 8807, 19, 0
3386, 0, 19, 26, 14, 0, 13.44%, 5, 6, 2, 1.55, 6874, 8807, 19, 0
3391, 0, 19, 26, 14, 0, 13.44%, 5, 6, 2, 1.55, 6882, 8807, 19, 0
3396, 0, 19, 26, 14, 0, 13.44%, 5, 6, 2, 1.55, 6890, 8807, 19, 0
3401, 0, 19, 26, 14, 0, 13.44%, 5, 6, 2, 1.54, 6898, 8807, 19, 0
3406, 0, 19, 26, 14, 0, 13.44%, 5, 6, 2, 1.54, 6906, 8807, 19, 0
3412, 0, 19, 26, 14, 0, 13.44%, 5, 6, 2, 1.55, 6914, 8807, 19, 0
3417, 0, 19, 26, 14, 0, 13.44%, 5, 6, 2, 1.54, 6922, 8807, 19, 0
3422, 0, 19, 26, 14, 0, 13.44%, 5, 6, 2, 1.54, 6930, 8807, 19, 0
3427, 0, 19, 26, 14, 0, 13.44%, 5, 6, 2, 1.54, 6938, 8807, 19, 0
3433, 0, 19, 26, 14, 0, 13.44%, 5, 6, 2, 2.74, 6980, 8807, 19, 0
3438, 0, 19, 26, 14, 0, 13.44%, 5, 6, 2, 2.26, 6988, 8807, 19, 0
3443, 0, 19, 26, 14, 0, 13.44%, 5, 6, 2, 1.97, 6996, 8807, 19, 0
3448, 0, 19, 26, 14, 0, 13.44%, 5, 6, 2, 1.79, 7004, 8807, 19, 0
3454, 0, 19, 26, 14, 0, 13.44%, 5, 6, 2, 1.69, 7012, 8807, 19, 0
3459, 0, 19, 26, 14, 0, 13.44%, 5, 6, 2, 1.63, 7020, 8807, 19, 0
3464, 0, 19, 26, 14, 0, 13.44%, 5, 6, 2, 1.60, 7028, 8807, 19, 0
3469, 0, 19, 26, 14, 0, 13.44%, 5, 6, 2, 1.58, 7036, 8807, 19, 0
3474, 0, 19, 26, 14, 0, 13.44%, 5, 6, 2, 1.57, 7044, 8807, 19, 0
3479, 0, 19, 26, 14, 0, 13.44%, 5, 6, 2, 1.56, 7052, 8807, 19, 0
3485, 0, 19, 26, 14, 0, 13.44%, 5, 6, 2, 1.55, 7060, 8807, 19, 0
3490, 0, 19, 26, 14, 0, 13.44%, 5, 6, 2, 1.54, 7068, 8807, 19, 0
3495, 0, 19, 26, 14, 0, 13.44%, 5, 6, 2, 1.53, 7076, 8807, 19, 0
3500, 0, 19, 26, 14, 0, 13.44%, 5, 6, 2, 1.54, 7084, 8807, 19, 0
3505, 0, 19, 26, 14, 0, 13.44%, 5, 6, 2, 1.54, 7092, 8807, 19, 0
3511, 0, 19, 26, 14, 0, 13.44%, 5, 6, 2, 1.54, 7100, 8807, 19, 0
3516, 0, 19, 26, 14, 0, 13.44%, 5, 6, 2, 1.53, 7108, 8807, 19, 0
3521, 0, 19, 26, 14, 0, 13.44%, 5, 6, 2, 1.54, 7116, 8807, 19, 0
3526, 0, 19, 26, 14, 0, 13.44%, 5, 6, 2, 1.55, 7124, 8807, 19, 0
3531, 0, 19, 26, 14, 0, 13.44%, 5, 6, 2, 1.56, 7132, 8807, 19, 0
3537, 0, 19, 26, 14, 0, 13.44%, 5, 6, 2, 1.70, 7142, 8807, 19, 0
3542, 0, 24, 26, 13, 0, 13.44%, 5, 6, 2, 15.97, 7169, 8807, 19, 0
3548, 0, 2, 26, 13, 0, 13.44%, 5, 6, 2, 0.31, 7183, 8807, 21, 0
3556, 0, 2, 26, 13, 0, 13.44%, 5, 6, 2, 0.39, 7193, 8807, 21, 0
3561, 0, 2, 26, 13, 0, 13.44%, 5, 6, 2, 0.31, 7199, 8807, 21, 0
3566, 0, 2, 26, 13, 0, 13.44%, 5, 6, 2, 2.36, 7206, 8807, 21, 0
3574, 0, 2, 26, 13, 0, 13.44%, 5, 6, 2, 2.44, 7214, 8807, 21, 0
3584, 0, 2, 26, 13, 0, 13.44%, 5, 6, 2, 0.58, 7230, 8807, 21, 0
3589, 0, 2, 26, 13, 0, 13.44%, 5, 6, 2, 0.75, 7234, 8807, 21, 0
3595, 0, 2, 26, 13, 0, 13.44%, 5, 6, 2, 0.20, 7246, 8807, 21, 0
3600, 0, 2, 26, 13, 0, 13.44%, 5, 6, 2, 1.70, 7251, 8807, 21, 0
3605, 0, 2, 26, 13, 0, 13.44%, 5, 6, 2, 0.20, 7254, 8807, 21, 0
3610, 0, 2, 26, 13, 0, 13.44%, 5, 6, 2, 1.49, 7258, 8807, 21, 0
3616, 0, 2, 26, 13, 0, 13.44%, 5, 6, 2, 0.20, 7262, 8807, 21, 0
3621, 0, 2, 26, 13, 0, 13.44%, 5, 6, 2, 1.51, 7266, 8807, 21, 0
3627, 0, 2, 26, 13, 0, 13.44%, 5, 6, 2, 0.39, 7278, 8807, 21, 0
3633, 0, 2, 26, 13, 0, 13.44%, 5, 6, 2, 0.45, 7281, 8807, 21, 0
3639, 0, 2, 26, 13, 0, 13.44%, 5, 6, 2, 0.76, 7294, 8807, 21, 0
3645, 0, 2, 26, 13, 0, 13.44%, 5, 6, 2, 0.76, 7297, 8807, 21, 0
3650, 0, 2, 26, 13, 0, 13.44%, 5, 6, 2, 0.84, 7302, 8807, 21, 0
3656, 0, 2, 26, 13, 0, 13.44%, 5, 6, 2, 0.82, 7305, 8807, 21, 0
3662, 0, 2, 26, 13, 0, 13.44%, 5, 6, 2, 0.89, 7310, 8807, 21, 0
3668, 0, 2, 26, 13, 0, 13.44%, 5, 6, 2, 0.86, 7313, 8807, 21, 0
3674, 0, 2, 26, 13, 0, 13.44%, 5, 6, 2, 0.76, 7326, 8807, 21, 0
3679, 0, 2, 26, 13, 0, 13.44%, 5, 6, 2, 0.74, 7328, 8807, 21, 0
3684, 0, 2, 26, 13, 0, 13.44%, 5, 6, 2, 0.71, 7329, 8807, 21, 0
3689, 0, 2, 26, 13, 0, 13.44%, 5, 6, 2, 0.68, 7330, 8807, 21, 0
3695, 0, 2, 26, 13, 0, 13.44%, 5, 6, 2, 0.20, 7339, 8807, 21, 0
3700, 0, 2, 26, 13, 0, 13.44%, 5, 6, 2, 0.20, 7344, 8807, 21, 0
3705, 0, 2, 26, 13, 0, 13.44%, 5, 6, 2, 0.20, 7345, 8807, 21, 0
3710, 0, 2, 26, 13, 0, 13.44%, 5, 6, 2, 0.20, 7346, 8807, 21, 0
3715, 0, 2, 26, 13, 0, 13.44%, 5, 6, 2, 0.21, 7348, 8807, 21, 0
3720, 0, 2, 26, 13, 0, 13.44%, 5, 6, 2, 0.21, 7349, 8807, 21, 0
3726, 0, 2, 26, 13, 0, 13.44%, 5, 6, 2, 0.20, 7351, 8807, 21, 0
3731, 0, 2, 26, 13, 0, 13.44%, 5, 6, 2, 0.20, 7352, 8807, 21, 0
3736, 0, 2, 26, 13, 0, 13.44%, 5, 6, 2, 0.20, 7354, 8807, 21, 0
3741, 0, 2, 26, 13, 0, 13.44%, 5, 6, 2, 0.20, 7356, 8807, 21, 0
3747, 0, 2, 26, 13, 0, 13.44%, 5, 6, 2, 0.20, 7358, 8807, 21, 0
3752, 0, 2, 26, 13, 0, 13.44%, 5, 6, 2, 0.20, 7359, 8807, 21, 0
3757, 0, 2, 26, 13, 0, 13.44%, 5, 6, 2, 0.20, 7361, 8807, 21, 0
3763, 0, 2, 26, 13, 0, 13.44%, 5, 6, 2, 0.20, 7363, 8807, 21, 0
3768, 0, 2, 26, 13, 0, 13.44%, 5, 6, 2, 0.20, 7364, 8807, 21, 0
3773, 0, 2, 26, 13, 0, 13.44%, 5, 6, 2, 0.20, 7366, 8807, 21, 0
3779, 0, 2, 26, 13, 0, 13.44%, 5, 6, 2, 0.20, 7368, 8807, 21, 0
3785, 0, 2, 26, 13, 0, 13.44%, 5, 6, 2, 0.20, 7370, 8807, 21, 0
3790, 0, 2, 26, 13, 0, 13.44%, 5, 6, 2, 0.20, 7372, 8807, 21, 0
3796, 0, 2, 26, 13, 0, 13.44%, 5, 6, 2, 0.20, 7374, 8807, 21, 0
3802, 0, 2, 26, 13, 0, 13.44%, 5, 6, 2, 0.20, 7376, 8807, 21, 0
3807, 0, 2, 26, 13, 0, 13.44%, 5, 6, 2, 0.20, 7378, 8807, 21, 0
3812, 0, 2, 26, 13, 0, 13.44%, 5, 6, 2, 0.20, 7379, 8807, 21, 0
3818, 0, 2, 26, 13, 0, 13.44%, 5, 6, 2, 0.20, 7381, 8807, 21, 0
3824, 0, 2, 26, 13, 0, 13.44%, 5, 6, 2, 0.20, 7383, 8807, 21, 0
3830, 0, 2, 26, 13, 0, 13.44%, 5, 6, 2, 0.20, 7385, 8807, 21, 0
3836, 0, 2, 26, 13, 0, 13.44%, 5, 6, 2, 0.20, 7387, 8807, 21, 0
3842, 0, 2, 26, 13, 0, 13.44%, 5, 6, 2, 0.20, 7389, 8807, 21, 0
3847, 0, 2, 26, 13, 0, 13.44%, 5, 6, 2, 0.20, 7390, 8807, 21, 0
3853, 0, 2, 26, 13, 0, 13.44%, 5, 6, 2, 0.20, 7392, 8807, 21, 0
3858, 0, 2, 26, 13, 0, 13.44%, 5, 6, 2, 0.20, 7393, 8807, 21, 0
3864, 0, 2, 26, 13, 0, 13.44%, 5, 6, 2, 0.20, 7395, 8807, 21, 0
3870, 0, 2, 26, 13, 0, 13.44%, 5, 6, 2, 0.20, 7397, 8807, 21, 0
3876, 0, 2, 26, 13, 0, 13.44%, 5, 6, 2, 0.20, 7399, 8807, 21, 0
3883, 0, 2, 26, 13, 0, 13.44%, 5, 6, 2, 0.39, 7427, 8807, 21, 0
3891, 0, 2, 26, 13, 0, 13.44%, 5, 6, 2, 0.39, 7456, 8807, 21, 0
3896, 0, 2, 26, 13, 0, 13.44%, 5, 6, 2, 0.38, 7457, 8807, 21, 0
3901, 0, 2, 26, 13, 0, 13.44%, 5, 6, 2, 0.37, 7458, 8807, 21, 0
3906, 0, 2, 26, 13, 0, 13.44%, 5, 6, 2, 0.37, 7460, 8807, 21, 0
3911, 0, 2, 26, 13, 0, 13.44%, 5, 6, 2, 0.36, 7461, 8807, 21, 0
3916, 0, 2, 26, 13, 0, 13.44%, 5, 6, 2, 0.20, 7463, 8807, 21, 0
3921, 0, 2, 26, 13, 0, 13.44%, 5, 6, 2, 0.20, 7464, 8807, 21, 0
3927, 0, 2, 26, 13, 0, 13.44%, 5, 6, 2, 0.20, 7466, 8807, 21, 0
3932, 0, 2, 26, 13, 0, 13.44%, 5, 6, 2, 0.20, 7468, 8807, 21, 0
3938, 0, 2, 26, 13, 0, 13.44%, 5, 6, 2, 0.20, 7470, 8807, 21, 0
3943, 0, 2, 26, 13, 0, 13.44%, 5, 6, 2, 0.20, 7471, 8807, 21, 0
3948, 0, 2, 26, 13, 0, 13.44%, 5, 6, 2, 0.20, 7473, 8807, 21, 0
3954, 0, 2, 26, 13, 0, 13.44%, 5, 6, 2, 0.20, 7475, 8807, 21, 0
3959, 0, 2, 26, 13, 0, 13.44%, 5, 6, 2, 0.20, 7476, 8807, 21, 0
3964, 0, 2, 26, 13, 0, 13.44%, 5, 6, 2, 0.20, 7478, 8807, 21, 0
3970, 0, 2, 26, 13, 0, 13.44%, 5, 6, 2, 0.20, 7480, 8807, 21, 0
3975, 0, 2, 26, 13, 0, 13.44%, 5, 6, 2, 0.20, 7482, 8807, 21, 0
3981, 0, 2, 26, 13, 0, 13.44%, 5, 6, 2, 0.20, 7484, 8807, 21, 0
3987, 0, 2, 26, 13, 0, 13.44%, 5, 6, 2, 0.20, 7486, 8807, 21, 0
3992, 0, 2, 26, 13, 0, 13.44%, 5, 6, 2, 0.20, 7488, 8807, 21, 0
3998, 0, 2, 26, 13, 0, 13.44%, 5, 6, 2, 0.20, 7490, 8807, 21, 0
4003, 0, 2, 26, 13, 0, 13.44%, 5, 6, 2, 0.20, 7491, 8807, 21, 0
4009, 0, 2, 26, 13, 0, 13.44%, 5, 6, 2, 0.20, 7493, 8807, 21, 0
4015, 0, 2, 26, 13, 0, 13.44%, 5, 6, 2, 0.20, 7495, 8807, 21, 0
4021, 0, 2, 26, 13, 0, 13.44%, 5, 6, 2, 0.20, 7497, 8807, 21, 0
4027, 0, 2, 26, 13, 0, 13.44%, 5, 6, 2, 0.20, 7499, 8807, 21, 0
4032, 0, 2, 26, 13, 0, 13.44%, 5, 6, 2, 0.20, 7501, 8807, 21, 0
4038, 0, 2, 26, 13, 0, 13.44%, 5, 6, 2, 0.20, 7502, 8807, 21, 0
4043, 0, 2, 26, 13, 0, 13.44%, 5, 6, 2, 0.20, 7504, 8807, 21, 0
4049, 0, 2, 26, 13, 0, 13.44%, 5, 6, 2, 0.20, 7505, 8807, 21, 0
4054, 0, 2, 26, 13, 0, 13.44%, 5, 6, 2, 0.20, 7507, 8807, 21, 0
4061, 0, 2, 26, 13, 0, 13.44%, 5, 6, 2, 0.20, 7509, 8807, 21, 0
4067, 0, 2, 26, 13, 0, 13.44%, 5, 6, 2, 0.20, 7511, 8807, 21, 0
4072, 0, 2, 26, 13, 0, 13.44%, 5, 6, 2, 0.20, 7512, 8807, 21, 0
4077, 0, 2, 26, 13, 0, 13.44%, 5, 6, 2, 0.20, 7513, 8807, 21, 0
4082, 0, 2, 26, 13, 0, 13.44%, 5, 6, 2, 0.20, 7514, 8807, 21, 0
4087, 0, 2, 26, 13, 0, 13.44%, 5, 6, 2, 0.21, 7516, 8807, 21, 0
4092, 0, 2, 26, 13, 0, 13.44%, 5, 6, 2, 0.21, 7517, 8807, 21, 0
4097, 0, 2, 26, 13, 0, 13.44%, 5, 6, 2, 0.20, 7519, 8807, 21, 0
4102, 0, 2, 26, 13, 0, 13.44%, 5, 6, 2, 0.20, 7520, 8807, 21, 0
4108, 0, 2, 26, 13, 0, 13.44%, 5, 6, 2, 0.20, 7522, 8807, 21, 0
4113, 0, 2, 26, 13, 0, 13.44%, 5, 6, 2, 0.20, 7524, 8807, 21, 0
4119, 0, 2, 26, 13, 0, 13.44%, 5, 6, 2, 0.20, 7526, 8807, 21, 0
4124, 0, 2, 26, 13, 0, 13.44%, 5, 6, 2, 0.20, 7527, 8807, 21, 0
4129, 0, 2, 26, 13, 0, 13.44%, 5, 6, 2, 0.20, 7529, 8807, 21, 0
4135, 0, 2, 26, 13, 0, 13.44%, 5, 6, 2, 0.20, 7531, 8807, 21, 0
4140, 0, 2, 26, 13, 0, 13.44%, 5, 6, 2, 0.20, 7532, 8807, 21, 0
4145, 0, 2, 26, 13, 0, 13.44%, 5, 6, 2, 0.20, 7534, 8807, 21, 0
4151, 0, 2, 26, 13, 0, 13.44%, 5, 6, 2, 0.20, 7536, 8807, 21, 0
4156, 0, 2, 26, 13, 0, 13.44%, 5, 6, 2, 0.20, 7538, 8807, 21, 0
4162, 0, 2, 26, 13, 0, 13.44%, 5, 6, 2, 0.20, 7540, 8807, 21, 0
4168, 0, 2, 26, 13, 0, 13.44%, 5, 6, 2, 0.20, 7542, 8807, 21, 0
4173, 0, 2, 26, 13, 0, 13.44%, 5, 6, 2, 0.20, 7544, 8807, 21, 0
4179, 0, 2, 26, 13, 0, 13.44%, 5, 6, 2, 0.20, 7546, 8807, 21, 0
4184, 0, 2, 26, 13, 0, 13.44%, 5, 6, 2, 0.20, 7547, 8807, 21, 0
4190, 0, 2, 26, 13, 0, 13.44%, 5, 6, 2, 0.20, 7549, 8807, 21, 0
4196, 0, 2, 26, 13, 0, 13.44%, 5, 6, 2, 0.20, 7551, 8807, 21, 0
4202, 0, 2, 26, 13, 0, 13.44%, 5, 6, 2, 0.20, 7553, 8807, 21, 0
4208, 0, 2, 26, 13, 0, 13.44%, 5, 6, 2, 0.20, 7555, 8807, 21, 0
4213, 0, 2, 26, 13, 0, 13.44%, 5, 6, 2, 0.20, 7557, 8807, 21, 0
4218, 0, 2, 26, 13, 0, 13.44%, 5, 6, 2, 0.20, 7558, 8807, 21, 0
4224, 0, 2, 26, 13, 0, 13.44%, 5, 6, 2, 0.20, 7560, 8807, 21, 0
4229, 0, 2, 26, 13, 0, 13.44%, 5, 6, 2, 0.20, 7561, 8807, 21, 0
4235, 0, 2, 26, 13, 0, 13.44%, 5, 6, 2, 0.20, 7563, 8807, 21, 0
4241, 0, 2, 26, 13, 0, 13.44%, 5, 6, 2, 0.20, 7565, 8807, 21, 0
4248, 0, 2, 26, 13, 0, 13.44%, 5, 6, 2, 0.20, 7567, 8807, 21, 0
4253, 0, 2, 26, 13, 0, 13.44%, 5, 6, 2, 0.20, 7568, 8807, 21, 0
4258, 0, 2, 26, 13, 0, 13.44%, 5, 6, 2, 0.20, 7569, 8807, 21, 0
4263, 0, 2, 26, 13, 0, 13.44%, 5, 6, 2, 0.20, 7570, 8807, 21, 0
4268, 0, 2, 26, 13, 0, 13.44%, 5, 6, 2, 0.21, 7572, 8807, 21, 0
4273, 0, 2, 26, 13, 0, 13.44%, 5, 6, 2, 0.21, 7573, 8807, 21, 0
4278, 0, 2, 26, 13, 0, 13.44%, 5, 6, 2, 0.20, 7575, 8807, 21, 0
4283, 0, 2, 26, 13, 0, 13.44%, 5, 6, 2, 0.20, 7576, 8807, 21, 0
4289, 0, 2, 26, 13, 0, 13.44%, 5, 6, 2, 0.20, 7578, 8807, 21, 0
4294, 0, 2, 26, 13, 0, 13.44%, 5, 6, 2, 0.20, 7580, 8807, 21, 0
4299, 0, 2, 26, 13, 0, 13.44%, 5, 6, 2, 0.20, 7582, 8807, 21, 0
4304, 0, 2, 26, 13, 0, 13.44%, 5, 6, 2, 0.20, 7583, 8807, 21, 0
4310, 0, 2, 26, 13, 0, 13.44%, 5, 6, 2, 0.20, 7585, 8807, 21, 0
4315, 0, 2, 26, 13, 0, 13.44%, 5, 6, 2, 0.20, 7587, 8807, 21, 0
4320, 0, 2, 26, 13, 0, 13.44%, 5, 6, 2, 0.20, 7588, 8807, 21, 0
4326, 0, 2, 26, 13, 0, 13.44%, 5, 6, 2, 0.20, 7590, 8807, 21, 0
4332, 0, 2, 26, 13, 0, 13.44%, 5, 6, 2, 0.20, 7592, 8807, 21, 0
4337, 0, 2, 26, 13, 0, 13.44%, 5, 6, 2, 0.20, 7594, 8807, 21, 0
4343, 0, 2, 26, 13, 0, 13.44%, 5, 6, 2, 0.20, 7596, 8807, 21, 0
4349, 0, 2, 26, 13, 0, 13.44%, 5, 6, 2, 0.20, 7598, 8807, 21, 0
4354, 0, 2, 26, 13, 0, 13.44%, 5, 6, 2, 0.20, 7600, 8807, 21, 0
4360, 0, 2, 26, 13, 0, 13.44%, 5, 6, 2, 0.20, 7602, 8807, 21, 0
4365, 0, 2, 26, 13, 0, 13.44%, 5, 6, 2, 0.20, 7603, 8807, 21, 0
4371, 0, 2, 26, 13, 0, 13.44%, 5, 6, 2, 0.20, 7605, 8807, 21, 0
4377, 0, 2, 26, 13, 0, 13.44%, 5, 6, 2, 0.20, 7607, 8807, 21, 0
4382, 0, 2, 26, 13, 0, 13.44%, 5, 6, 2, 0.20, 7609, 8807, 21, 0
4388, 0, 2, 26, 13, 0, 13.44%, 5, 6, 2, 0.20, 7611, 8807, 21, 0
4394, 0, 2, 26, 13, 0, 13.44%, 5, 6, 2, 0.20, 7613, 8807, 21, 0
4399, 0, 2, 26, 13, 0, 13.44%, 5, 6, 2, 0.20, 7614, 8807, 21, 0
4405, 0, 2, 26, 13, 0, 13.44%, 5, 6, 2, 0.20, 7616, 8807, 21, 0
4410, 0, 2, 26, 13, 0, 13.44%, 5, 6, 2, 0.20, 7617, 8807, 21, 0
4416, 0, 2, 26, 13, 0, 13.44%, 5, 6, 2, 0.20, 7619, 8807, 21, 0
4422, 0, 2, 26, 13, 0, 13.44%, 5, 6, 2, 0.20, 7621, 8807, 21, 0
4428, 0, 2, 26, 13, 0, 13.44%, 5, 6, 2, 0.20, 7623, 8807, 21, 0
4434, 0, 2, 26, 13, 0, 13.44%, 5, 6, 2, 16.72, 7701, 8807, 21, 0
4439, 0, 2, 26, 13, 0, 13.44%, 5, 6, 2, 16.80, 7789, 8807, 21, 0
4444, 0, 2, 26, 13, 0, 13.44%, 5, 6, 2, 16.80, 7877, 8807, 21, 0
4449, 0, 2, 26, 13, 0, 13.44%, 5, 6, 2, 15.22, 7950, 8807, 25, 0
4454, 0, 22, 26, 13, 0, 13.44%, 5, 6, 2, 13.50, 8016, 8807, 31, 0
4461, 0, 15, 26, 13, 0, 13.44%, 5, 6, 2, 0.57, 8049, 8807, 32, 0
4466, 0, 22, 26, 13, 0, 13.44%, 5, 6, 2, 16.09, 8107, 8807, 35, 0
4473, 0, 2, 26, 13, 0, 13.44%, 5, 6, 2, 1.12, 8151, 8807, 36, 0
4482, 0, 2, 26, 13, 0, 13.44%, 5, 6, 2, 0.39, 8162, 8807, 36, 0
4487, 0, 2, 26, 13, 0, 13.44%, 5, 6, 2, 0.31, 8168, 8807, 36, 0
4492, 0, 2, 26, 13, 0, 13.44%, 5, 6, 2, 2.37, 8175, 8807, 36, 0
4500, 0, 2, 26, 13, 0, 13.44%, 5, 6, 2, 2.46, 8183, 8807, 36, 0
4509, 0, 2, 26, 13, 0, 13.44%, 5, 6, 2, 0.58, 8199, 8807, 36, 0
4515, 0, 2, 26, 13, 0, 13.44%, 5, 6, 2, 4.59, 8204, 8807, 36, 0
4520, 0, 2, 26, 13, 0, 13.44%, 5, 6, 2, 0.77, 8215, 8807, 36, 0
4525, 0, 2, 26, 13, 0, 13.44%, 5, 6, 2, 4.61, 8220, 8807, 36, 0
4531, 0, 2, 26, 13, 0, 13.44%, 5, 6, 2, 0.57, 8223, 8807, 36, 0
4536, 0, 2, 26, 13, 0, 13.44%, 5, 6, 2, 4.57, 8228, 8807, 36, 0
4541, 0, 2, 26, 13, 0, 13.44%, 5, 6, 2, 0.20, 8231, 8807, 36, 0
4546, 0, 2, 26, 13, 0, 13.44%, 5, 6, 2, 1.71, 8236, 8807, 36, 0
4553, 0, 2, 26, 13, 0, 13.44%, 5, 6, 2, 0.39, 8247, 8807, 36, 0
4558, 0, 2, 26, 13, 0, 13.44%, 5, 6, 2, 0.45, 8250, 8807, 36, 0
4564, 0, 2, 26, 13, 0, 13.44%, 5, 6, 2, 0.76, 8263, 8807, 36, 0
4570, 0, 2, 26, 13, 0, 13.44%, 5, 6, 2, 0.76, 8266, 8807, 36, 0
4576, 0, 2, 26, 13, 0, 13.44%, 5, 6, 2, 0.84, 8271, 8807, 36, 0
4581, 0, 2, 26, 13, 0, 13.44%, 5, 6, 2, 0.82, 8274, 8807, 36, 0
4587, 0, 2, 26, 13, 0, 13.44%, 5, 6, 2, 0.90, 8279, 8807, 36, 0
4593, 0, 2, 26, 13, 0, 13.44%, 5, 6, 2, 0.87, 8282, 8807, 36, 0
4599, 0, 2, 26, 13, 0, 13.44%, 5, 6, 2, 0.76, 8295, 8807, 36, 0
4604, 0, 2, 26, 13, 0, 13.44%, 5, 6, 2, 0.74, 8297, 8807, 36, 0
4609, 0, 2, 26, 13, 0, 13.44%, 5, 6, 2, 0.71, 8298, 8807, 36, 0
4614, 0, 2, 26, 13, 0, 13.44%, 5, 6, 2, 0.68, 8299, 8807, 36, 0
4620, 0, 2, 26, 13, 0, 13.44%, 5, 6, 2, 0.20, 8308, 8807, 36, 0
4625, 0, 2, 26, 13, 0, 13.44%, 5, 6, 2, 0.20, 8313, 8807, 36, 0
4630, 0, 2, 26, 13, 0, 13.44%, 5, 6, 2, 0.20, 8314, 8807, 36, 0
4635, 0, 2, 26, 13, 0, 13.44%, 5, 6, 2, 0.20, 8315, 8807, 36, 0
4640, 0, 2, 26, 13, 0, 13.44%, 5, 6, 2, 0.21, 8317, 8807, 36, 0
4645, 0, 2, 26, 13, 0, 13.44%, 5, 6, 2, 0.21, 8318, 8807, 36, 0
4651, 0, 2, 26, 13, 0, 13.44%, 5, 6, 2, 0.20, 8320, 8807, 36, 0
4656, 0, 2, 26, 13, 0, 13.44%, 5, 6, 2, 0.20, 8321, 8807, 36, 0
4661, 0, 2, 26, 13, 0, 13.44%, 5, 6, 2, 0.20, 8323, 8807, 36, 0
4666, 0, 2, 26, 13, 0, 13.44%, 5, 6, 2, 0.20, 8325, 8807, 36, 0
4672, 0, 2, 26, 13, 0, 13.44%, 5, 6, 2, 0.20, 8327, 8807, 36, 0
4677, 0, 2, 26, 13, 0, 13.44%, 5, 6, 2, 0.20, 8328, 8807, 36, 0
4682, 0, 2, 26, 13, 0, 13.44%, 5, 6, 2, 0.20, 8330, 8807, 36, 0
4688, 0, 2, 26, 13, 0, 13.44%, 5, 6, 2, 0.20, 8332, 8807, 36, 0
4693, 0, 2, 26, 13, 0, 13.44%, 5, 6, 2, 0.20, 8333, 8807, 36, 0
4698, 0, 2, 26, 13, 0, 13.44%, 5, 6, 2, 0.20, 8335, 8807, 36, 0
4704, 0, 2, 26, 13, 0, 13.44%, 5, 6, 2, 0.20, 8337, 8807, 36, 0
4710, 0, 2, 26, 13, 0, 13.44%, 5, 6, 2, 0.20, 8339, 8807, 36, 0
4715, 0, 2, 26, 13, 0, 13.44%, 5, 6, 2, 0.20, 8341, 8807, 36, 0
4721, 0, 2, 26, 13, 0, 13.44%, 5, 6, 2, 0.20, 8343, 8807, 36, 0
4727, 0, 2, 26, 13, 0, 13.44%, 5, 6, 2, 0.20, 8345, 8807, 36, 0
4732, 0, 2, 26, 13, 0, 13.44%, 5, 6, 2, 0.20, 8347, 8807, 36, 0
4737, 0, 2, 26, 13, 0, 13.44%, 5, 6, 2, 0.20, 8348, 8807, 36, 0
4743, 0, 2, 26, 13, 0, 13.44%, 5, 6, 2, 0.20, 8350, 8807, 36, 0
4749, 0, 2, 26, 13, 0, 13.44%, 5, 6, 2, 0.20, 8352, 8807, 36, 0
4755, 0, 2, 26, 13, 0, 13.44%, 5, 6, 2, 0.20, 8354, 8807, 36, 0
4761, 0, 2, 26, 13, 0, 13.44%, 5, 6, 2, 0.20, 8356, 8807, 36, 0
4767, 0, 2, 26, 13, 0, 13.44%, 5, 6, 2, 0.20, 8358, 8807, 36, 0
4772, 0, 2, 26, 13, 0, 13.44%, 5, 6, 2, 0.20, 8359, 8807, 36, 0
4778, 0, 2, 26, 13, 0, 13.44%, 5, 6, 2, 0.20, 8361, 8807, 36, 0
4783, 0, 2, 26, 13, 0, 13.44%, 5, 6, 2, 0.20, 8362, 8807, 36, 0
4789, 0, 2, 26, 13, 0, 13.44%, 5, 6, 2, 0.20, 8364, 8807, 36, 0
4795, 0, 2, 26, 13, 0, 13.44%, 5, 6, 2, 0.20, 8366, 8807, 36, 0
4801, 0, 2, 26, 13, 0, 13.44%, 5, 6, 2, 0.20, 8368, 8807, 36, 0
4808, 0, 2, 26, 13, 0, 13.44%, 5, 6, 2, 0.39, 8396, 8807, 36, 0
4816, 0, 2, 26, 13, 0, 13.44%, 5, 6, 2, 0.39, 8425, 8807, 36, 0
4821, 0, 2, 26, 13, 0, 13.44%, 5, 6, 2, 0.38, 8426, 8807, 36, 0
4826, 0, 2, 26, 13, 0, 13.44%, 5, 6, 2, 0.37, 8427, 8807, 36, 0
4831, 0, 2, 26, 13, 0, 13.44%, 5, 6, 2, 0.37, 8429, 8807, 36, 0
4836, 0, 2, 26, 13, 0, 13.44%, 5, 6, 2, 0.36, 8430, 8807, 36, 0
4841, 0, 2, 26, 13, 0, 13.44%, 5, 6, 2, 0.20, 8432, 8807, 36, 0
4846, 0, 2, 26, 13, 0, 13.44%, 5, 6, 2, 0.20, 8433, 8807, 36, 0
4852, 0, 2, 26, 13, 0, 13.44%, 5, 6, 2, 0.20, 8435, 8807, 36, 0
4857, 0, 2, 26, 13, 0, 13.44%, 5, 6, 2, 0.20, 8437, 8807, 36, 0
4862, 0, 2, 26, 13, 0, 13.44%, 5, 6, 2, 0.20, 8439, 8807, 36, 0
4867, 0, 2, 26, 13, 0, 13.44%, 5, 6, 2, 0.20, 8440, 8807, 36, 0
4873, 0, 2, 26, 13, 0, 13.44%, 5, 6, 2, 0.20, 8442, 8807, 36, 0
4878, 0, 2, 26, 13, 0, 13.44%, 5, 6, 2, 0.20, 8444, 8807, 36, 0
4883, 0, 2, 26, 13, 0, 13.44%, 5, 6, 2, 0.20, 8445, 8807, 36, 0
4889, 0, 2, 26, 13, 0, 13.44%, 5, 6, 2, 0.20, 8447, 8807, 36, 0
4895, 0, 2, 26, 13, 0, 13.44%, 5, 6, 2, 0.20, 8449, 8807, 36, 0
4900, 0, 2, 26, 13, 0, 13.44%, 5, 6, 2, 0.20, 8451, 8807, 36, 0
4906, 0, 2, 26, 13, 0, 13.44%, 5, 6, 2, 0.20, 8453, 8807, 36, 0
4912, 0, 2, 26, 13, 0, 13.44%, 5, 6, 2, 0.20, 8455, 8807, 36, 0
4917, 0, 2, 26, 13, 0, 13.44%, 5, 6, 2, 0.20, 8457, 8807, 36, 0
4923, 0, 2, 26, 13, 0, 13.44%, 5, 6, 2, 0.20, 8459, 8807, 36, 0
4928, 0, 2, 26, 13, 0, 13.44%, 5, 6, 2, 0.20, 8460, 8807, 36, 0
4934, 0, 2, 26, 13, 0, 13.44%, 5, 6, 2, 0.20, 8462, 8807, 36, 0
4940, 0, 2, 26, 13, 0, 13.44%, 5, 6, 2, 0.20, 8464, 8807, 36, 0
4945, 0, 2, 26, 13, 0, 13.44%, 5, 6, 2, 0.20, 8466, 8807, 36, 0
4951, 0, 2, 26, 13, 0, 13.44%, 5, 6, 2, 0.20, 8468, 8807, 36, 0
4957, 0, 2, 26, 13, 0, 13.44%, 5, 6, 2, 0.20, 8470, 8807, 36, 0
4962, 0, 2, 26, 13, 0, 13.44%, 5, 6, 2, 0.20, 8471, 8807, 36, 0
4968, 0, 2, 26, 13, 0, 13.44%, 5, 6, 2, 0.20, 8473, 8807, 36, 0
4973, 0, 2, 26, 13, 0, 13.44%, 5, 6, 2, 0.20, 8474, 8807, 36, 0
4979, 0, 2, 26, 13, 0, 13.44%, 5, 6, 2, 0.20, 8476, 8807, 36, 0
4985, 0, 2, 26, 13, 0, 13.44%, 5, 6, 2, 0.20, 8478, 8807, 36, 0
4991, 0, 2, 26, 13, 0, 13.44%, 5, 6, 2, 0.20, 8480, 8807, 36, 0
4996, 0, 2, 26, 13, 0, 13.44%, 5, 6, 2, 0.20, 8481, 8807, 36, 0
5001, 0, 2, 26, 13, 0, 13.44%, 5, 6, 2, 0.20, 8482, 8807, 36, 0
5006, 0, 2, 26, 13, 0, 13.44%, 5, 6, 2, 0.20, 8483, 8807, 36, 0
5012, 0, 2, 26, 13, 0, 13.44%, 5, 6, 2, 0.21, 8485, 8807, 36, 0
5017, 0, 2, 26, 13, 0, 13.44%, 5, 6, 2, 0.21, 8486, 8807, 36, 0
5022, 0, 2, 26, 13, 0, 13.44%, 5, 6, 2, 0.20, 8488, 8807, 36, 0
5027, 0, 2, 26, 13, 0, 13.44%, 5, 6, 2, 0.20, 8489, 8807, 36, 0
5032, 0, 2, 26, 13, 0, 13.44%, 5, 6, 2, 0.20, 8491, 8807, 36, 0
5038, 0, 2, 26, 13, 0, 13.44%, 5, 6, 2, 0.20, 8493, 8807, 36, 0
5043, 0, 2, 26, 13, 0, 13.44%, 5, 6, 2, 0.20, 8495, 8807, 36, 0
5048, 0, 2, 26, 13, 0, 13.44%, 5, 6, 2, 0.20, 8496, 8807, 36, 0
5054, 0, 2, 26, 13, 0, 13.44%, 5, 6, 2, 0.20, 8498, 8807, 36, 0
5059, 0, 2, 26, 13, 0, 13.44%, 5, 6, 2, 0.20, 8500, 8807, 36, 0
5064, 0, 2, 26, 13, 0, 13.44%, 5, 6, 2, 0.20, 8501, 8807, 36, 0
5070, 0, 2, 26, 13, 0, 13.44%, 5, 6, 2, 0.20, 8503, 8807, 36, 0
5075, 0, 2, 26, 13, 0, 13.44%, 5, 6, 2, 0.20, 8505, 8807, 36, 0
5081, 0, 2, 26, 13, 0, 13.44%, 5, 6, 2, 0.20, 8507, 8807, 36, 0
5087, 0, 2, 26, 13, 0, 13.44%, 5, 6, 2, 0.20, 8509, 8807, 36, 0
5092, 0, 2, 26, 13, 0, 13.44%, 5, 6, 2, 0.20, 8511, 8807, 36, 0
5098, 0, 2, 26, 13, 0, 13.44%, 5, 6, 2, 0.20, 8513, 8807, 36, 0
5104, 0, 2, 26, 13, 0, 13.44%, 5, 6, 2, 0.20, 8515, 8807, 36, 0
5109, 0, 2, 26, 13, 0, 13.44%, 5, 6, 2, 0.20, 8516, 8807, 36, 0
5115, 0, 2, 26, 13, 0, 13.44%, 5, 6, 2, 0.20, 8518, 8807, 36, 0
5120, 0, 2, 26, 13, 0, 13.44%, 5, 6, 2, 0.20, 8520, 8807, 36, 0
5126, 0, 2, 26, 13, 0, 13.44%, 5, 6, 2, 0.20, 8522, 8807, 36, 0
5132, 0, 2, 26, 13, 0, 13.44%, 5, 6, 2, 0.20, 8524, 8807, 36, 0
5138, 0, 2, 26, 13, 0, 13.44%, 5, 6, 2, 0.20, 8526, 8807, 36, 0
5143, 0, 2, 26, 13, 0, 13.44%, 5, 6, 2, 0.20, 8527, 8807, 36, 0
5149, 0, 2, 26, 13, 0, 13.44%, 5, 6, 2, 0.20, 8529, 8807, 36, 0
5154, 0, 2, 26, 13, 0, 13.44%, 5, 6, 2, 0.20, 8530, 8807, 36, 0
5160, 0, 2, 26, 13, 0, 13.44%, 5, 6, 2, 0.20, 8532, 8807, 36, 0
5166, 0, 2, 26, 13, 0, 13.44%, 5, 6, 2, 0.20, 8534, 8807, 36, 0
5172, 0, 2, 26, 13, 0, 13.44%, 5, 6, 2, 0.20, 8536, 8807, 36, 0
5177, 0, 2, 26, 13, 0, 13.44%, 5, 6, 2, 0.20, 8537, 8807, 36, 0
5182, 0, 2, 26, 13, 0, 13.44%, 5, 6, 2, 0.20, 8538, 8807, 36, 0
5187, 0, 2, 26, 13, 0, 13.44%, 5, 6, 2, 0.20, 8539, 8807, 36, 0
5193, 0, 2, 26, 13, 0, 13.44%, 5, 6, 2, 0.21, 8541, 8807, 36, 0
5198, 0, 2, 26, 13, 0, 13.44%, 5, 6, 2, 0.21, 8542, 8807, 36, 0
5203, 0, 2, 26, 13, 0, 13.44%, 5, 6, 2, 0.20, 8544, 8807, 36, 0
5208, 0, 2, 26, 13, 0, 13.44%, 5, 6, 2, 0.20, 8545, 8807, 36, 0
5213, 0, 2, 26, 13, 0, 13.44%, 5, 6, 2, 0.20, 8547, 8807, 36, 0
5219, 0, 2, 26, 13, 0, 13.44%, 5, 6, 2, 0.20, 8549, 8807, 36, 0
5224, 0, 2, 26, 13, 0, 13.44%, 5, 6, 2, 0.20, 8551, 8807, 36, 0
5229, 0, 2, 26, 13, 0, 13.44%, 5, 6, 2, 0.20, 8552, 8807, 36, 0
5235, 0, 2, 26, 13, 0, 13.44%, 5, 6, 2, 0.20, 8554, 8807, 36, 0
5240, 0, 2, 26, 13, 0, 13.44%, 5, 6, 2, 0.20, 8556, 8807, 36, 0
5245, 0, 2, 26, 13, 0, 13.44%, 5, 6, 2, 0.20, 8557, 8807, 36, 0
5251, 0, 2, 26, 13, 0, 13.44%, 5, 6, 2, 0.20, 8559, 8807, 36, 0
5256, 0, 2, 26, 13, 0, 13.44%, 5, 6, 2, 0.20, 8561, 8807, 36, 0
5262, 0, 2, 26, 13, 0, 13.44%, 5, 6, 2, 0.20, 8563, 8807, 36, 0
5268, 0, 2, 26, 13, 0, 13.44%, 5, 6, 2, 0.20, 8565, 8807, 36, 0
5273, 0, 2, 26, 13, 0, 13.44%, 5, 6, 2, 0.20, 8567, 8807, 36, 0
5279, 0, 2, 26, 13, 0, 13.44%, 5, 6, 2, 0.20, 8569, 8807, 36, 0
5285, 0, 2, 26, 13, 0, 13.44%, 5, 6, 2, 0.20, 8571, 8807, 36, 0
5290, 0, 2, 26, 13, 0, 13.44%, 5, 6, 2, 0.20, 8572, 8807, 36, 0
5296, 0, 2, 26, 13, 0, 13.44%, 5, 6, 2, 0.20, 8574, 8807, 36, 0
5301, 0, 2, 26, 13, 0, 13.44%, 5, 6, 2, 0.20, 8576, 8807, 36, 0
5307, 0, 2, 26, 13, 0, 13.44%, 5, 6, 2, 0.20, 8578, 8807, 36, 0
5313, 0, 2, 26, 13, 0, 13.44%, 5, 6, 2, 0.20, 8580, 8807, 36, 0
5319, 0, 2, 26, 13, 0, 13.44%, 5, 6, 2, 0.20, 8582, 8807, 36, 0
5324, 0, 2, 26, 13, 0, 13.44%, 5, 6, 2, 0.20, 8583, 8807, 36, 0
5330, 0, 2, 26, 13, 0, 13.44%, 5, 6, 2, 0.20, 8585, 8807, 36, 0
5335, 0, 2, 26, 13, 0, 13.44%, 5, 6, 2, 0.20, 8586, 8807, 36, 0
5341, 0, 2, 26, 13, 0, 13.44%, 5, 6, 2, 0.20, 8588, 8807, 36, 0
5347, 0, 2, 26, 13, 0, 13.44%, 5, 6, 2, 0.20, 8590, 8807, 36, 0
5353, 0, 2, 26, 13, 0, 13.44%, 5, 6, 2, 0.20, 8592, 8807, 36, 0
5358, 0, 2, 26, 13, 0, 13.44%, 5, 6, 2, 16.61, 8670, 8807, 36, 0
5363, 0, 2, 26, 13, 0, 13.44%, 5, 6, 2, 16.83, 8758, 8807, 36, 0
5369, 0, 2, 26, 13, 0, 13.44%, 5, 6, 2, 16.84, 8846, 8807, 36, 0
5378, 0, 2, 26, 13, 0, 13.44%, 5, 6, 2, 0.76, 8918, 8807, 36, 0
5387, 0, 2, 26, 13, 0, 13.44%, 5, 6, 2, 0.76, 8971, 8807, 36, 0
5392, 0, 24, 26, 13, 0, 13.44%, 5, 6, 2, 15.39, 9050, 8807, 37, 0
5397, 1, 23, 26, 13, 0, 13.44%, 5, 6, 2, 2.67, 9068, 8807, 37, 0
5403, 1, 23, 26, 13, 0, 13.44%, 5, 6, 2, 2.66, 9082, 8807, 37, 0
5408, 1, 23, 26, 13, 0, 13.44%, 5, 6, 2, 2.66, 9096, 8807, 37, 0
5413, 1, 23, 26, 13, 0, 13.44%, 5, 6, 2, 2.77, 9111, 8807, 37, 0
5419, 1, 23, 26, 13, 0, 13.44%, 5, 6, 2, 2.70, 9125, 8807, 37, 0
5424, 1, 23, 26, 13, 0, 13.44%, 5, 6, 2, 2.85, 9141, 8807, 37, 0
5429, 1, 23, 26, 13, 0, 13.44%, 5, 6, 2, 16.95, 9158, 8807, 37, 0
5434, 1, 23, 26, 13, 0, 13.44%, 5, 6, 2, 2.65, 9174, 8807, 37, 0
5439, 1, 23, 26, 13, 0, 13.44%, 5, 6, 2, 2.66, 9188, 8807, 37, 0
5445, 1, 17, 26, 12, 0, 13.44%, 5, 6, 2, 0.34, 9206, 8807, 38, 0
5451, 1, 17, 26, 12, 0, 13.44%, 5, 6, 2, 0.34, 9208, 8807, 38, 0
5457, 1, 17, 26, 12, 0, 13.44%, 5, 6, 2, 0.34, 9210, 8807, 38, 0
5463, 1, 17, 26, 12, 0, 13.44%, 5, 6, 2, 0.34, 9212, 8807, 38, 0
5468, 1, 17, 26, 12, 0, 13.44%, 5, 6, 2, 0.34, 9214, 8807, 38, 0
5474, 1, 17, 26, 12, 0, 13.44%, 5, 6, 2, 0.34, 9216, 8807, 38, 0
5480, 1, 17, 26, 12, 0, 13.44%, 5, 6, 2, 0.36, 9219, 8807, 38, 0
5486, 1, 17, 26, 12, 0, 13.44%, 5, 6, 2, 0.36, 9221, 8807, 38, 0
5492, 1, 17, 26, 12, 0, 13.44%, 5, 6, 2, 0.36, 9223, 8807, 38, 0
5498, 1, 17, 26, 12, 0, 13.44%, 5, 6, 2, 0.36, 9225, 8807, 38, 0
5504, 1, 17, 26, 12, 0, 13.44%, 5, 6, 2, 0.36, 9227, 8807, 38, 0
5509, 1, 17, 26, 12, 0, 13.44%, 5, 6, 2, 0.35, 9229, 8807, 38, 0
5515, 1, 17, 26, 12, 0, 13.44%, 5, 6, 2, 0.35, 9231, 8807, 38, 0
5521, 1, 17, 26, 12, 0, 13.44%, 5, 6, 2, 0.35, 9233, 8807, 38, 0
5527, 1, 17, 26, 12, 0, 13.44%, 5, 6, 2, 0.35, 9235, 8807, 38, 0
5533, 1, 17, 26, 12, 0, 13.44%, 5, 6, 2, 0.39, 9239, 8807, 38, 0
5539, 1, 17, 26, 12, 0, 13.44%, 5, 6, 2, 0.38, 9241, 8807, 38, 0
5545, 1, 17, 26, 12, 0, 13.44%, 5, 6, 2, 0.38, 9243, 8807, 38, 0
5550, 1, 17, 26, 12, 0, 13.44%, 5, 6, 2, 0.37, 9245, 8807, 38, 0
5556, 1, 17, 26, 12, 0, 13.44%, 5, 6, 2, 0.37, 9247, 8807, 38, 0
5562, 1, 17, 26, 12, 0, 13.44%, 5, 6, 2, 0.36, 9249, 8807, 38, 0
5568, 1, 17, 26, 12, 0, 13.44%, 5, 6, 2, 0.36, 9251, 8807, 38, 0
5574, 1, 17, 26, 12, 0, 13.44%, 5, 6, 2, 0.36, 9253, 8807, 38, 0
5579, 1, 17, 26, 12, 0, 13.44%, 5, 6, 2, 0.38, 9257, 8807, 38, 0
5585, 1, 17, 26, 12, 0, 13.44%, 5, 6, 2, 0.38, 9259, 8807, 38, 0
5591, 1, 17, 26, 12, 0, 13.44%, 5, 6, 2, 0.37, 9261, 8807, 38, 0
5597, 1, 17, 26, 12, 0, 13.44%, 5, 6, 2, 0.37, 9263, 8807, 38, 0
5603, 1, 17, 26, 12, 0, 13.44%, 5, 6, 2, 0.37, 9265, 8807, 38, 0
5609, 1, 17, 26, 12, 0, 13.44%, 5, 6, 2, 0.36, 9267, 8807, 38, 0
5615, 1, 17, 26, 12, 0, 13.44%, 5, 6, 2, 0.36, 9269, 8807, 38, 0
5620, 1, 17, 26, 12, 0, 13.44%, 5, 6, 2, 0.36, 9271, 8807, 38, 0
5626, 1, 17, 26, 12, 0, 13.44%, 5, 6, 2, 0.36, 9273, 8807, 38, 0
5633, 1, 17, 26, 12, 0, 13.44%, 5, 6, 2, 0.65, 9284, 8807, 38, 0
5638, 1, 17, 26, 12, 0, 13.44%, 5, 6, 2, 0.61, 9286, 8807, 38, 0
5644, 1, 17, 26, 12, 0, 13.44%, 5, 6, 2, 0.58, 9288, 8807, 38, 0
5650, 1, 17, 26, 12, 0, 13.44%, 5, 6, 2, 0.55, 9290, 8807, 38, 0
5656, 1, 17, 26, 12, 0, 13.44%, 5, 6, 2, 0.53, 9292, 8807, 38, 0
5662, 1, 17, 26, 12, 0, 13.44%, 5, 6, 2, 0.50, 9294, 8807, 38, 0
5668, 1, 17, 26, 12, 0, 13.44%, 5, 6, 2, 0.48, 9296, 8807, 38, 0
5674, 1, 17, 26, 12, 0, 13.44%, 5, 6, 2, 0.47, 9298, 8807, 38, 0
5680, 1, 17, 26, 12, 0, 13.44%, 5, 6, 2, 0.45, 9300, 8807, 38, 0
5685, 1, 17, 26, 12, 0, 13.44%, 5, 6, 2, 0.44, 9302, 8807, 38, 0
5692, 1, 17, 26, 12, 0, 13.44%, 5, 6, 2, 1.22, 9323, 8807, 38, 0
5698, 1, 17, 26, 12, 0, 13.44%, 5, 6, 2, 1.12, 9325, 8807, 38, 0
5704, 1, 17, 26, 12, 0, 13.44%, 5, 6, 2, 1.02, 9327, 8807, 38, 0
5710, 1, 17, 26, 12, 0, 13.44%, 5, 6, 2, 0.94, 9329, 8807, 38, 0
5716, 1, 17, 26, 12, 0, 13.44%, 5, 6, 2, 0.87, 9331, 8807, 38, 0
5722, 1, 17, 26, 12, 0, 13.44%, 5, 6, 2, 0.80, 9333, 8807, 38, 0
5728, 1, 17, 26, 12, 0, 13.44%, 5, 6, 2, 0.75, 9335, 8807, 38, 0
5734, 1, 17, 26, 12, 0, 13.44%, 5, 6, 2, 0.70, 9337, 8807, 38, 0
5740, 1, 17, 26, 12, 0, 13.44%, 5, 6, 2, 0.65, 9339, 8807, 38, 0
5746, 1, 17, 26, 12, 0, 13.44%, 5, 6, 2, 0.62, 9341, 8807, 38, 0
5751, 1, 17, 26, 12, 0, 13.44%, 5, 6, 2, 0.58, 9343, 8807, 38, 0
5757, 1, 17, 26, 12, 0, 13.44%, 5, 6, 2, 0.55, 9345, 8807, 38, 0
5763, 1, 17, 26, 12, 0, 13.44%, 5, 6, 2, 0.53, 9347, 8807, 38, 0
5769, 1, 17, 26, 12, 0, 13.44%, 5, 6, 2, 0.50, 9349, 8807, 38, 0
5774, 1, 25, 26, 11, 0, 13.44%, 5, 6, 2, 9.25, 9373, 8807, 39, 0
5779, 1, 25, 26, 11, 0, 13.44%, 5, 6, 2, 15.27, 9422, 8807, 45, 0
5786, 1, 25, 26, 11, 0, 13.44%, 5, 6, 2, 0.39, 9442, 8807, 45, 0
5793, 1, 25, 26, 11, 0, 13.44%, 5, 6, 2, 0.20, 9452, 8807, 46, 0
5798, 1, 22, 26, 11, 0, 13.44%, 5, 6, 2, 15.43, 9526, 8807, 50, 0
5803, 1, 22, 26, 11, 0, 13.44%, 5, 6, 2, 15.77, 9607, 8807, 51, 0
5809, 1, 22, 26, 11, 0, 13.44%, 5, 6, 2, 0.39, 9625, 8807, 51, 0
5816, 1, 22, 26, 11, 0, 13.44%, 5, 6, 2, 0.19, 9654, 8807, 51, 0
5822, 1, 16, 26, 11, 0, 13.44%, 5, 6, 2, 0.40, 9671, 8807, 51, 0
5832, 1, 16, 26, 11, 0, 13.44%, 5, 6, 2, 0.37, 9673, 8807, 51, 0
5842, 1, 16, 26, 11, 0, 13.44%, 5, 6, 2, 0.35, 9675, 8807, 51, 0
5852, 1, 16, 26, 11, 0, 13.44%, 5, 6, 2, 0.33, 9677, 8807, 51, 0
5862, 1, 16, 26, 11, 0, 13.44%, 5, 6, 2, 0.32, 9679, 8807, 51, 0
5872, 1, 16, 26, 11, 0, 13.44%, 5, 6, 2, 0.30, 9681, 8807, 51, 0
5882, 1, 16, 26, 11, 0, 13.44%, 5, 6, 2, 0.29, 9683, 8807, 51, 0
5892, 1, 16, 26, 11, 0, 13.44%, 5, 6, 2, 0.28, 9685, 8807, 51, 0
5902, 1, 16, 26, 11, 0, 13.44%, 5, 6, 2, 0.27, 9687, 8807, 51, 0
5912, 1, 16, 26, 11, 0, 13.44%, 5, 6, 2, 0.26, 9689, 8807, 51, 0
5922, 1, 16, 26, 11, 0, 13.44%, 5, 6, 2, 0.26, 9691, 8807, 51, 0
5927, 1, 16, 26, 11, 0, 13.44%, 5, 6, 2, 0.25, 9692, 8807, 51, 0
5932, 1, 16, 26, 11, 0, 13.44%, 5, 6, 2, 0.25, 9693, 8807, 51, 0
5942, 1, 16, 26, 11, 0, 13.44%, 5, 6, 2, 0.25, 9696, 8807, 51, 0
5947, 1, 16, 26, 11, 0, 13.44%, 5, 6, 2, 0.25, 9697, 8807, 51, 0
5952, 1, 16, 26, 11, 0, 13.44%, 5, 6, 2, 0.25, 9698, 8807, 51, 0
5962, 1, 16, 26, 11, 0, 13.44%, 5, 6, 2, 0.24, 9700, 8807, 51, 0
5972, 1, 16, 26, 11, 0, 13.44%, 5, 6, 2, 0.24, 9702, 8807, 51, 0
5982, 1, 16, 26, 11, 0, 13.44%, 5, 6, 2, 0.23, 9704, 8807, 51, 0
5992, 1, 16, 26, 11, 0, 13.44%, 5, 6, 2, 0.23, 9706, 8807, 51, 0
6002, 1, 16, 26, 11, 0, 13.44%, 5, 6, 2, 0.23, 9708, 8807, 51, 0
6007, 1, 16, 26, 11, 0, 13.44%, 5, 6, 2, 0.26, 9712, 8807, 51, 0
6017, 1, 16, 26, 11, 0, 13.44%, 5, 6, 2, 0.25, 9714, 8807, 51, 0
6027, 1, 16, 26, 11, 0, 13.44%, 5, 6, 2, 0.25, 9716, 8807, 51, 0
6037, 1, 16, 26, 11, 0, 13.44%, 5, 6, 2, 0.24, 9718, 8807, 51, 0
6042, 1, 16, 26, 11, 0, 13.44%, 5, 6, 2, 0.24, 9719, 8807, 51, 0
6052, 1, 16, 26, 11, 0, 13.44%, 5, 6, 2, 0.23, 9721, 8807, 51, 0
6057, 1, 16, 26, 11, 0, 13.44%, 5, 6, 2, 0.23, 9722, 8807, 51, 0
6067, 1, 16, 26, 11, 0, 13.44%, 5, 6, 2, 0.23, 9724, 8807, 51, 0
6072, 1, 16, 26, 11, 0, 13.44%, 5, 6, 2, 0.23, 9725, 8807, 51, 0
6081, 1, 16, 26, 11, 0, 13.44%, 5, 6, 2, 0.22, 9727, 8807, 51, 0
6087, 1, 16, 26, 11, 0, 13.44%, 5, 6, 2, 16.00, 9732, 8807, 51, 0
6092, 1, 16, 26, 11, 0, 13.44%, 5, 6, 2, 0.77, 9736, 8807, 51, 0
6102, 1, 16, 26, 11, 0, 13.44%, 5, 6, 2, 0.70, 9738, 8807, 51, 0
6112, 1, 16, 26, 11, 0, 13.44%, 5, 6, 2, 0.64, 9740, 8807, 51, 0
6122, 1, 16, 26, 11, 0, 13.44%, 5, 6, 2, 0.59, 9742, 8807, 51, 0
6132, 1, 16, 26, 11, 0, 13.44%, 5, 6, 2, 0.54, 9744, 8807, 51, 0
6142, 1, 16, 26, 11, 0, 13.44%, 5, 6, 2, 0.50, 9746, 8807, 51, 0
6152, 1, 16, 26, 11, 0, 13.44%, 5, 6, 2, 0.46, 9748, 8807, 51, 0
6157, 1, 16, 26, 11, 0, 13.44%, 5, 6, 2, 0.45, 9749, 8807, 51, 0
6167, 1, 16, 26, 11, 0, 13.44%, 5, 6, 2, 0.42, 9751, 8807, 51, 0
6177, 1, 16, 26, 11, 0, 13.44%, 5, 6, 2, 0.39, 9753, 8807, 51, 0
6186, 1, 16, 26, 11, 0, 13.44%, 5, 6, 2, 0.37, 9755, 8807, 51, 0
6192, 1, 16, 26, 11, 0, 13.44%, 5, 6, 2, 0.78, 9771, 8807, 51, 0
6202, 1, 16, 26, 11, 0, 13.44%, 5, 6, 2, 0.71, 9773, 8807, 51, 0
6212, 1, 16, 26, 11, 0, 13.44%, 5, 6, 2, 0.64, 9775, 8807, 51, 0
6222, 1, 16, 26, 11, 0, 13.44%, 5, 6, 2, 0.59, 9777, 8807, 51, 0
6232, 1, 16, 26, 11, 0, 13.44%, 5, 6, 2, 0.54, 9779, 8807, 51, 0
6242, 1, 16, 26, 11, 0, 13.44%, 5, 6, 2, 0.50, 9781, 8807, 51, 0
6247, 1, 16, 26, 11, 0, 13.44%, 5, 6, 2, 0.48, 9782, 8807, 51, 0
6257, 1, 16, 26, 11, 0, 13.44%, 5, 6, 2, 0.45, 9784, 8807, 51, 0
6267, 1, 16, 26, 11, 0, 13.44%, 5, 6, 2, 0.42, 9786, 8807, 51, 0
6277, 1, 16, 26, 11, 0, 13.44%, 5, 6, 2, 0.39, 9788, 8807, 51, 0
6287, 1, 16, 26, 11, 0, 13.44%, 5, 6, 2, 0.37, 9790, 8807, 51, 0
6297, 1, 16, 26, 11, 0, 13.44%, 5, 6, 2, 0.35, 9792, 8807, 51, 0
6307, 1, 16, 26, 11, 0, 13.44%, 5, 6, 2, 0.33, 9794, 8807, 51, 0
6317, 1, 16, 26, 11, 0, 13.44%, 5, 6, 2, 0.32, 9796, 8807, 51, 0
6327, 1, 16, 26, 11, 0, 13.44%, 5, 6, 2, 0.30, 9798, 8807, 51, 0
6337, 1, 16, 26, 11, 0, 13.44%, 5, 6, 2, 0.30, 9801, 8807, 51, 0
6342, 1, 16, 26, 11, 0, 13.44%, 5, 7, 2, 0.38, 9807, 8807, 52, 0
6347, 1, 4, 26, 10, 0, 13.44%, 5, 7, 2, 16.74, 9812, 8807, 52, 0
6353, 1, 18, 26, 9, 0, 13.44%, 5, 7, 2, 2.05, 9849, 8807, 52, 0
6358, 1, 18, 26, 9, 0, 13.44%, 5, 7, 2, 1.74, 9856, 8807, 52, 0
6363, 1, 18, 26, 9, 0, 13.44%, 5, 7, 2, 1.62, 9863, 8807, 52, 0
6368, 1, 18, 26, 9, 0, 13.44%, 5, 7, 2, 1.48, 9869, 8807, 52, 0
6374, 1, 18, 26, 9, 0, 13.44%, 5, 7, 2, 1.53, 9878, 8807, 52, 0
6379, 1, 18, 26, 9, 0, 13.44%, 5, 7, 2, 1.42, 9884, 8807, 52, 0
6384, 1, 18, 26, 9, 0, 13.44%, 5, 7, 2, 1.35, 9890, 8807, 52, 0
6391, 1, 18, 26, 9, 0, 13.44%, 5, 7, 2, 1.29, 9896, 8807, 52, 0
6396, 1, 18, 26, 9, 0, 13.44%, 5, 7, 2, 1.39, 9905, 8807, 52, 0
6402, 1, 18, 26, 9, 0, 13.44%, 5, 7, 2, 1.32, 9912, 8807, 52, 0
6408, 1, 18, 26, 9, 0, 13.44%, 5, 7, 2, 1.28, 9919, 8807, 52, 0
6413, 1, 18, 26, 9, 0, 13.44%, 5, 7, 2, 2.69, 9938, 8807, 52, 0
6418, 1, 18, 26, 9, 0, 13.44%, 5, 7, 2, 2.21, 9944, 8807, 52, 0
6423, 1, 18, 26, 9, 0, 13.44%, 5, 7, 2, 1.84, 9951, 8807, 52, 0
6429, 1, 18, 26, 9, 0, 13.44%, 5, 7, 2, 2.22, 9983, 8807, 52, 0
6434, 1, 18, 26, 9, 0, 13.44%, 5, 7, 2, 1.85, 9990, 8807, 52, 0
6440, 1, 18, 26, 9, 0, 13.44%, 5, 7, 2, 1.62, 9997, 8807, 52, 0
6446, 1, 18, 26, 9, 0, 13.44%, 5, 7, 2, 1.47, 10004, 8807, 52, 0
6456, 1, 18, 26, 9, 0, 13.44%, 5, 7, 2, 0.76, 10017, 8807, 52, 0
6461, 1, 20, 26, 8, 0, 13.44%, 5, 7, 2, 9.66, 10062, 8807, 53, 0
6466, 1, 20, 26, 8, 0, 13.44%, 5, 7, 2, 5.44, 10081, 8807, 53, 0
6471, 1, 20, 26, 8, 0, 13.44%, 5, 7, 2, 4.48, 10103, 8807, 53, 0
6476, 1, 6, 26, 7, 0, 13.44%, 5, 7, 2, 10.11, 10157, 8807, 54, 0
6481, 1, 22, 26, 6, 0, 13.44%, 6, 7, 2, 16.75, 10221, 8807, 56, 0
6487, 1, 2, 26, 6, 0, 13.44%, 6, 7, 2, 0.58, 10236, 8807, 56, 0
6495, 1, 2, 26, 6, 0, 13.44%, 6, 7, 2, 0.38, 10246, 8807, 56, 0
6500, 1, 2, 26, 6, 0, 13.44%, 6, 7, 2, 0.31, 10252, 8807, 56, 0
6505, 1, 2, 26, 6, 0, 13.44%, 6, 7, 2, 2.32, 10259, 8807, 56, 0
6513, 1, 2, 26, 6, 0, 13.44%, 6, 7, 2, 2.42, 10267, 8807, 56, 0
6523, 1, 2, 26, 6, 0, 13.44%, 6, 7, 2, 0.58, 10283, 8807, 56, 0
6528, 1, 2, 26, 6, 0, 13.44%, 6, 7, 2, 0.75, 10287, 8807, 56, 0
6534, 1, 2, 26, 6, 0, 13.44%, 6, 7, 2, 0.20, 10299, 8807, 56, 0
6539, 1, 2, 26, 6, 0, 13.44%, 6, 7, 2, 1.51, 10303, 8807, 56, 0
6544, 1, 2, 26, 6, 0, 13.44%, 6, 7, 2, 1.63, 10307, 8807, 56, 0
6549, 1, 2, 26, 6, 0, 13.44%, 6, 7, 2, 1.57, 10311, 8807, 56, 0
6555, 1, 2, 26, 6, 0, 13.44%, 6, 7, 2, 0.20, 10315, 8807, 56, 0
6560, 1, 2, 26, 6, 0, 13.44%, 6, 7, 2, 1.50, 10319, 8807, 56, 0
6566, 1, 2, 26, 6, 0, 13.44%, 6, 7, 2, 0.39, 10331, 8807, 56, 0
6572, 1, 2, 26, 6, 0, 13.44%, 6, 7, 2, 0.45, 10334, 8807, 56, 0
6578, 1, 2, 26, 6, 0, 13.44%, 6, 7, 2, 0.76, 10347, 8807, 56, 0
6584, 1, 2, 26, 6, 0, 13.44%, 6, 7, 2, 0.75, 10350, 8807, 56, 0
6590, 1, 2, 26, 6, 0, 13.44%, 6, 7, 2, 0.84, 10355, 8807, 56, 0
6595, 1, 2, 26, 6, 0, 13.44%, 6, 7, 2, 0.81, 10358, 8807, 56, 0
6601, 1, 2, 26, 6, 0, 13.44%, 6, 7, 2, 0.89, 10363, 8807, 56, 0
6607, 1, 2, 26, 6, 0, 13.44%, 6, 7, 2, 0.86, 10366, 8807, 56, 0
6613, 1, 2, 26, 6, 0, 13.44%, 6, 7, 2, 0.76, 10379, 8807, 56, 0
6618, 1, 2, 26, 6, 0, 13.44%, 6, 7, 2, 0.74, 10381, 8807, 56, 0
6623, 1, 2, 26, 6, 0, 13.44%, 6, 7, 2, 0.71, 10382, 8807, 56, 0
6628, 1, 2, 26, 6, 0, 13.44%, 6, 7, 2, 0.67, 10383, 8807, 56, 0
6634, 1, 2, 26, 6, 0, 13.44%, 6, 7, 2, 0.20, 10392, 8807, 56, 0
6639, 1, 2, 26, 6, 0, 13.44%, 6, 7, 2, 0.20, 10397, 8807, 56, 0
6644, 1, 2, 26, 6, 0, 13.44%, 6, 7, 2, 0.20, 10398, 8807, 56, 0
6649, 1, 2, 26, 6, 0, 13.44%, 6, 7, 2, 0.20, 10399, 8807, 56, 0
6655, 1, 2, 26, 6, 0, 13.44%, 6, 7, 2, 0.21, 10401, 8807, 56, 0
6660, 1, 2, 26, 6, 0, 13.44%, 6, 7, 2, 0.21, 10402, 8807, 56, 0
6665, 1, 2, 26, 6, 0, 13.44%, 6, 7, 2, 0.20, 10404, 8807, 56, 0
6670, 1, 2, 26, 6, 0, 13.44%, 6, 7, 2, 0.20, 10405, 8807, 56, 0
6675, 1, 2, 26, 6, 0, 13.44%, 6, 7, 2, 0.20, 10407, 8807, 56, 0
6681, 1, 2, 26, 6, 0, 13.44%, 6, 7, 2, 0.20, 10409, 8807, 56, 0
6690, 1, 2, 27, 7, 0, 13.44%, 6, 7, 2, 0.20, 10423, 8808, 56, 0
6696, 1, 2, 27, 7, 0, 13.44%, 6, 7, 2, 0.20, 10424, 8808, 56, 0
6701, 1, 2, 27, 7, 0, 13.44%, 6, 7, 2, 0.20, 10426, 8808, 56, 0
6706, 1, 2, 27, 7, 0, 13.44%, 6, 7, 2, 0.20, 10428, 8808, 56, 0
6712, 1, 2, 27, 7, 0, 13.44%, 6, 7, 2, 0.20, 10429, 8808, 56, 0
6717, 1, 2, 27, 7, 0, 13.44%, 6, 7, 2, 0.20, 10431, 8808, 56, 0
6723, 1, 2, 27, 7, 0, 13.44%, 6, 7, 2, 0.20, 10433, 8808, 56, 0
6728, 1, 2, 27, 7, 0, 13.44%, 6, 7, 2, 0.20, 10435, 8808, 56, 0
6734, 1, 2, 27, 7, 0, 13.44%, 6, 7, 2, 0.20, 10437, 8808, 56, 0
6740, 1, 2, 27, 7, 0, 13.44%, 6, 7, 2, 0.20, 10439, 8808, 56, 0
6745, 1, 2, 27, 7, 0, 13.44%, 6, 7, 2, 0.20, 10441, 8808, 56, 0
6751, 1, 2, 27, 7, 0, 13.44%, 6, 7, 2, 0.20, 10443, 8808, 56, 0
6756, 1, 2, 27, 7, 0, 13.44%, 6, 7, 2, 0.20, 10444, 8808, 56, 0
6762, 1, 2, 27, 7, 0, 13.44%, 6, 7, 2, 0.20, 10446, 8808, 56, 0
6768, 1, 2, 27, 7, 0, 13.44%, 6, 7, 2, 0.20, 10448, 8808, 56, 0
6774, 1, 2, 27, 7, 0, 13.44%, 6, 7, 2, 0.20, 10450, 8808, 56, 0
6780, 1, 2, 27, 7, 0, 13.44%, 6, 7, 2, 0.20, 10452, 8808, 56, 0
6785, 1, 2, 27, 7, 0, 13.44%, 6, 7, 2, 0.20, 10454, 8808, 56, 0
6791, 1, 2, 27, 7, 0, 13.44%, 6, 7, 2, 0.20, 10455, 8808, 56, 0
6796, 1, 2, 27, 7, 0, 13.44%, 6, 7, 2, 0.20, 10457, 8808, 56, 0
6802, 1, 2, 27, 7, 0, 13.44%, 6, 7, 2, 0.20, 10458, 8808, 56, 0
6808, 1, 2, 27, 7, 0, 13.44%, 6, 7, 2, 0.20, 10460, 8808, 56, 0
6814, 1, 2, 27, 7, 0, 13.44%, 6, 7, 2, 0.20, 10462, 8808, 56, 0
6820, 1, 2, 27, 7, 0, 13.44%, 6, 7, 2, 0.20, 10464, 8808, 56, 0
6827, 1, 2, 27, 7, 0, 13.44%, 6, 7, 2, 0.39, 10492, 8808, 56, 0
6835, 1, 2, 27, 7, 0, 13.44%, 6, 7, 2, 0.39, 10521, 8808, 56, 0
6840, 1, 2, 27, 7, 0, 13.44%, 6, 7, 2, 0.38, 10522, 8808, 56, 0
6845, 1, 2, 27, 7, 0, 13.44%, 6, 7, 2, 0.37, 10523, 8808, 56, 0
6850, 1, 2, 27, 7, 0, 13.44%, 6, 7, 2, 0.37, 10525, 8808, 56, 0
6855, 1, 2, 27, 7, 0, 13.44%, 6, 7, 2, 0.36, 10526, 8808, 56, 0
6860, 1, 2, 27, 7, 0, 13.44%, 6, 7, 2, 0.20, 10528, 8808, 56, 0
6865, 1, 2, 27, 7, 0, 13.44%, 6, 7, 2, 0.20, 10529, 8808, 56, 0
6871, 1, 2, 27, 7, 0, 13.44%, 6, 7, 2, 0.20, 10531, 8808, 56, 0
6876, 1, 2, 27, 7, 0, 13.44%, 6, 7, 2, 0.20, 10533, 8808, 56, 0
6881, 1, 2, 27, 7, 0, 13.44%, 6, 7, 2, 0.20, 10535, 8808, 56, 0
6887, 1, 2, 27, 7, 0, 13.44%, 6, 7, 2, 0.20, 10536, 8808, 56, 0
6892, 1, 2, 27, 7, 0, 13.44%, 6, 7, 2, 0.20, 10538, 8808, 56, 0
6897, 1, 2, 27, 7, 0, 13.44%, 6, 7, 2, 0.20, 10540, 8808, 56, 0
6903, 1, 2, 27, 7, 0, 13.44%, 6, 7, 2, 0.20, 10541, 8808, 56, 0
6908, 1, 2, 27, 7, 0, 13.44%, 6, 7, 2, 0.20, 10543, 8808, 56, 0
6914, 1, 2, 27, 7, 0, 13.44%, 6, 7, 2, 0.20, 10545, 8808, 56, 0
6919, 1, 2, 27, 7, 0, 13.44%, 6, 7, 2, 0.20, 10547, 8808, 56, 0
6925, 1, 2, 27, 7, 0, 13.44%, 6, 7, 2, 0.20, 10549, 8808, 56, 0
6931, 1, 2, 27, 7, 0, 13.44%, 6, 7, 2, 0.20, 10551, 8808, 56, 0
6936, 1, 2, 27, 7, 0, 13.44%, 6, 7, 2, 0.20, 10553, 8808, 56, 0
6942, 1, 2, 27, 7, 0, 13.44%, 6, 7, 2, 0.20, 10555, 8808, 56, 0
6947, 1, 2, 27, 7, 0, 13.44%, 6, 7, 2, 0.20, 10556, 8808, 56, 0
6953, 1, 2, 27, 7, 0, 13.44%, 6, 7, 2, 0.20, 10558, 8808, 56, 0
6959, 1, 2, 27, 7, 0, 13.44%, 6, 7, 2, 0.20, 10560, 8808, 56, 0
6965, 1, 2, 27, 7, 0, 13.44%, 6, 7, 2, 0.20, 10562, 8808, 56, 0
6971, 1, 2, 27, 7, 0, 13.44%, 6, 7, 2, 0.17, 10564, 8808, 56, 0
6977, 1, 2, 27, 7, 0, 13.44%, 6, 7, 2, 0.20, 10566, 8808, 56, 0
6982, 1, 2, 27, 7, 0, 13.44%, 6, 7, 2, 0.20, 10567, 8808, 56, 0
6988, 1, 2, 27, 7, 0, 13.44%, 6, 7, 2, 0.20, 10569, 8808, 56, 0
6993, 1, 2, 27, 7, 0, 13.44%, 6, 7, 2, 0.20, 10570, 8808, 56, 0
6999, 1, 2, 27, 7, 0, 13.44%, 6, 7, 2, 0.20, 10572, 8808, 56, 0
7005, 1, 2, 27, 7, 0, 13.44%, 6, 7, 2, 0.20, 10574, 8808, 56, 0
7012, 1, 2, 27, 7, 0, 13.44%, 6, 7, 2, 0.20, 10576, 8808, 56, 0
7017, 1, 2, 27, 7, 0, 13.44%, 6, 7, 2, 0.20, 10577, 8808, 56, 0
7022, 1, 2, 27, 7, 0, 13.44%, 6, 7, 2, 0.20, 10578, 8808, 56, 0
7027, 1, 2, 27, 7, 0, 13.44%, 6, 7, 2, 0.20, 10579, 8808, 56, 0
7032, 1, 2, 27, 7, 0, 13.44%, 6, 7, 2, 0.21, 10581, 8808, 56, 0
7037, 1, 2, 27, 7, 0, 13.44%, 6, 7, 2, 0.21, 10582, 8808, 56, 0
7042, 1, 2, 27, 7, 0, 13.44%, 6, 7, 2, 0.20, 10584, 8808, 56, 0
7047, 1, 2, 27, 7, 0, 13.44%, 6, 7, 2, 0.20, 10585, 8808, 56, 0
7053, 1, 2, 27, 7, 0, 13.44%, 6, 7, 2, 0.20, 10587, 8808, 56, 0
7058, 1, 2, 27, 7, 0, 13.44%, 6, 7, 2, 0.20, 10589, 8808, 56, 0
7064, 1, 2, 27, 7, 0, 13.44%, 6, 7, 2, 0.20, 10591, 8808, 56, 0
7069, 1, 2, 27, 7, 0, 13.44%, 6, 7, 2, 0.20, 10592, 8808, 56, 0
7074, 1, 2, 27, 7, 0, 13.44%, 6, 7, 2, 0.20, 10594, 8808, 56, 0
7080, 1, 2, 27, 7, 0, 13.44%, 6, 7, 2, 0.20, 10596, 8808, 56, 0
7085, 1, 2, 27, 7, 0, 13.44%, 6, 7, 2, 0.20, 10597, 8808, 56, 0
7090, 1, 2, 27, 7, 0, 13.44%, 6, 7, 2, 0.20, 10599, 8808, 56, 0
7096, 1, 2, 27, 7, 0, 13.44%, 6, 7, 2, 0.20, 10601, 8808, 56, 0
7101, 1, 2, 27, 7, 0, 13.44%, 6, 7, 2, 0.20, 10603, 8808, 56, 0
7107, 1, 2, 27, 7, 0, 13.44%, 6, 7, 2, 0.20, 10605, 8808, 56, 0
7113, 1, 2, 27, 7, 0, 13.44%, 6, 7, 2, 0.20, 10607, 8808, 56, 0
7119, 1, 2, 27, 7, 0, 13.44%, 6, 7, 2, 0.20, 10609, 8808, 56, 0
7124, 1, 2, 27, 7, 0, 13.44%, 6, 7, 2, 0.20, 10611, 8808, 56, 0
7129, 1, 2, 27, 7, 0, 13.44%, 6, 7, 2, 0.20, 10612, 8808, 56, 0
7135, 1, 2, 27, 7, 0, 13.44%, 6, 7, 2, 0.20, 10614, 8808, 56, 0
7141, 1, 2, 27, 7, 0, 13.44%, 6, 7, 2, 0.20, 10616, 8808, 56, 0
7147, 1, 2, 27, 7, 0, 13.44%, 6, 7, 2, 0.20, 10618, 8808, 56, 0
7153, 1, 2, 27, 7, 0, 13.44%, 6, 7, 2, 0.20, 10620, 8808, 56, 0
7159, 1, 2, 27, 7, 0, 13.44%, 6, 7, 2, 0.20, 10622, 8808, 56, 0
7164, 1, 2, 27, 7, 0, 13.44%, 6, 7, 2, 0.20, 10623, 8808, 56, 0
7170, 1, 2, 27, 7, 0, 13.44%, 6, 7, 2, 0.20, 10625, 8808, 56, 0
7175, 1, 2, 27, 7, 0, 13.44%, 6, 7, 2, 0.20, 10626, 8808, 56, 0
7181, 1, 2, 27, 7, 0, 13.44%, 6, 7, 2, 0.20, 10628, 8808, 56, 0
7187, 1, 2, 27, 7, 0, 13.44%, 6, 7, 2, 0.20, 10630, 8808, 56, 0
7193, 1, 2, 27, 7, 0, 13.44%, 6, 7, 2, 0.20, 10632, 8808, 56, 0
7198, 1, 2, 27, 7, 0, 13.44%, 6, 7, 2, 0.20, 10633, 8808, 56, 0
7208, 1, 2, 27, 7, 0, 13.44%, 6, 7, 2, 0.20, 10635, 8808, 56, 0
