# relative_time, cycles_done, cur_item, corpus_count, pending_total, pending_favs, map_size, saved_crashes, saved_hangs, max_depth, execs_per_sec, total_execs, edges_found, total_crashes, servers_count
60, 0, 0, 4, 3, 2, 4.06%, 0, 1, 1, 0.19, 297, 2658, 0, 0
65, 0, 0, 6, 5, 2, 4.06%, 0, 1, 2, 13.11, 347, 2658, 0, 0
70, 0, 0, 6, 5, 2, 4.06%, 0, 1, 2, 0.62, 356, 2658, 0, 0
75, 0, 0, 6, 5, 2, 4.06%, 0, 1, 2, 2.44, 397, 2658, 0, 0
82, 0, 0, 6, 5, 2, 4.06%, 0, 2, 2, 0.38, 433, 2658, 0, 0
88, 0, 0, 6, 5, 2, 4.06%, 0, 2, 2, 15.21, 479, 2658, 0, 0
93, 0, 0, 6, 5, 2, 4.06%, 0, 2, 2, 12.93, 507, 2658, 0, 0
100, 0, 0, 6, 5, 2, 4.06%, 0, 2, 2, 0.68, 546, 2658, 0, 0
105, 0, 0, 6, 5, 2, 4.06%, 0, 2, 2, 0.80, 587, 2658, 0, 0
110, 0, 0, 6, 5, 2, 4.06%, 0, 2, 2, 14.82, 642, 2658, 0, 0
115, 0, 0, 6, 5, 2, 4.06%, 0, 2, 2, 14.73, 717, 2658, 0, 0
125, 0, 0, 6, 5, 2, 4.06%, 0, 2, 2, 0.75, 768, 2658, 0, 0
131, 0, 0, 7, 6, 2, 4.06%, 0, 2, 2, 0.57, 784, 2660, 0, 0
136, 0, 0, 7, 6, 2, 4.06%, 0, 2, 2, 0.54, 785, 2660, 0, 0
142, 0, 0, 7, 6, 2, 4.06%, 0, 2, 2, 0.52, 786, 2660, 0, 0
147, 0, 0, 7, 6, 2, 4.06%, 0, 2, 2, 0.50, 787, 2660, 0, 0
153, 0, 0, 7, 6, 2, 4.06%, 0, 2, 2, 0.38, 801, 2660, 0, 0
158, 0, 0, 7, 6, 2, 4.06%, 0, 2, 2, 0.37, 802, 2660, 0, 0
165, 0, 0, 7, 6, 2, 4.06%, 0, 2, 2, 0.20, 824, 2660, 0, 0
173, 0, 0, 8, 7, 2, 4.06%, 0, 2, 2, 0.20, 860, 2661, 0, 0
181, 0, 0, 8, 7, 2, 4.06%, 0, 2, 2, 0.20, 892, 2661, 0, 0
186, 0, 0, 8, 7, 2, 4.06%, 0, 2, 2, 0.22, 895, 2661, 0, 0
191, 0, 0, 8, 7, 2, 4.06%, 0, 2, 2, 0.24, 898, 2661, 0, 0
196, 0, 0, 8, 7, 2, 4.06%, 0, 2, 2, 12.46, 961, 2661, 0, 0
201, 0, 0, 8, 7, 2, 4.06%, 0, 2, 2, 12.35, 1024, 2661, 0, 0
211, 0, 0, 8, 7, 2, 4.06%, 0, 2, 2, 0.38, 1077, 2661, 0, 0
216, 0, 0, 8, 7, 2, 4.06%, 0, 2, 2, 0.37, 1078, 2661, 0, 0
221, 0, 0, 8, 7, 2, 4.06%, 0, 2, 2, 0.36, 1079, 2661, 0, 0
226, 0, 0, 8, 7, 2, 4.06%, 0, 2, 2, 0.35, 1080, 2661, 0, 0
231, 0, 0, 8, 7, 2, 4.06%, 0, 2, 2, 0.34, 1081, 2661, 0, 0
236, 0, 0, 8, 7, 2, 4.06%, 0, 2, 2, 0.33, 1082, 2661, 0, 0
241, 0, 0, 8, 7, 2, 4.06%, 0, 2, 2, 0.32, 1083, 2661, 0, 0
247, 0, 0, 8, 7, 2, 4.06%, 0, 2, 2, 0.32, 1084, 2661, 0, 0
252, 0, 0, 8, 7, 2, 4.06%, 0, 2, 2, 0.31, 1085, 2661, 0, 0
257, 0, 0, 8, 7, 2, 4.06%, 0, 2, 2, 0.30, 1086, 2661, 0, 0
262, 0, 0, 8, 7, 2, 4.06%, 0, 2, 2, 0.29, 1087, 2661, 0, 0
267, 0, 0, 8, 7, 2, 4.06%, 0, 2, 2, 0.29, 1088, 2661, 0, 0
272, 0, 0, 8, 7, 2, 4.06%, 0, 2, 2, 0.28, 1089, 2661, 0, 0
277, 0, 0, 8, 7, 2, 4.06%, 0, 2, 2, 0.28, 1090, 2661, 0, 0
282, 0, 0, 8, 7, 2, 4.06%, 0, 2, 2, 0.27, 1091, 2661, 0, 0
288, 0, 0, 8, 7, 2, 4.06%, 0, 2, 2, 0.27, 1092, 2661, 0, 0
293, 0, 0, 8, 7, 2, 4.06%, 0, 2, 2, 0.26, 1093, 2661, 0, 0
298, 0, 0, 8, 7, 2, 4.06%, 0, 2, 2, 0.26, 1094, 2661, 0, 0
303, 0, 0, 8, 7, 2, 4.06%, 0, 2, 2, 0.25, 1095, 2661, 0, 0
308, 0, 0, 8, 7, 2, 4.06%, 0, 2, 2, 0.25, 1096, 2661, 0, 0
313, 0, 0, 8, 7, 2, 4.06%, 0, 2, 2, 0.25, 1097, 2661, 0, 0
318, 0, 0, 8, 7, 2, 4.06%, 0, 2, 2, 0.24, 1098, 2661, 0, 0
324, 0, 0, 8, 7, 2, 4.06%, 0, 2, 2, 0.24, 1099, 2661, 0, 0
329, 0, 0, 8, 7, 2, 4.06%, 0, 2, 2, 0.24, 1100, 2661, 0, 0
334, 0, 0, 8, 7, 2, 4.06%, 0, 2, 2, 0.24, 1101, 2661, 0, 0
339, 0, 0, 8, 7, 2, 4.06%, 0, 2, 2, 0.23, 1102, 2661, 0, 0
344, 0, 0, 8, 7, 2, 4.06%, 0, 2, 2, 0.23, 1103, 2661, 0, 0
349, 0, 0, 8, 7, 2, 4.06%, 0, 2, 2, 0.23, 1104, 2661, 0, 0
354, 0, 0, 8, 7, 2, 4.06%, 0, 2, 2, 0.23, 1105, 2661, 0, 0
359, 0, 0, 8, 7, 2, 4.06%, 0, 2, 2, 0.22, 1106, 2661, 0, 0
365, 0, 0, 8, 7, 2, 4.06%, 0, 2, 2, 0.22, 1107, 2661, 0, 0
370, 0, 0, 8, 7, 2, 4.06%, 0, 2, 2, 0.22, 1108, 2661, 0, 0
375, 0, 0, 8, 7, 2, 4.06%, 0, 2, 2, 0.22, 1109, 2661, 0, 0
380, 0, 0, 8, 7, 2, 4.06%, 0, 2, 2, 0.22, 1110, 2661, 0, 0
385, 0, 0, 8, 7, 2, 4.06%, 0, 2, 2, 0.22, 1111, 2661, 0, 0
390, 0, 0, 8, 7, 2, 4.06%, 0, 2, 2, 0.21, 1112, 2661, 0, 0
395, 0, 0, 8, 7, 2, 4.06%, 0, 2, 2, 0.21, 1113, 2661, 0, 0
400, 0, 0, 8, 7, 2, 4.06%, 0, 2, 2, 0.21, 1114, 2661, 0, 0
406, 0, 0, 8, 7, 2, 4.06%, 0, 2, 2, 0.21, 1115, 2661, 0, 0
411, 0, 0, 8, 7, 2, 4.06%, 0, 2, 2, 0.21, 1116, 2661, 0, 0
416, 0, 0, 8, 7, 2, 4.06%, 0, 2, 2, 0.21, 1117, 2661, 0, 0
421, 0, 0, 8, 7, 2, 4.06%, 0, 2, 2, 0.21, 1118, 2661, 0, 0
426, 0, 0, 8, 7, 2, 4.06%, 0, 2, 2, 0.21, 1119, 2661, 0, 0
431, 0, 0, 8, 7, 2, 4.06%, 0, 2, 2, 0.21, 1120, 2661, 0, 0
436, 0, 0, 8, 7, 2, 4.06%, 0, 2, 2, 0.21, 1121, 2661, 0, 0
441, 0, 0, 8, 7, 2, 4.06%, 0, 2, 2, 0.21, 1122, 2661, 0, 0
446, 0, 0, 8, 7, 2, 4.06%, 0, 2, 2, 0.21, 1123, 2661, 0, 0
451, 0, 0, 8, 7, 2, 4.06%, 0, 2, 2, 0.21, 1124, 2661, 0, 0
456, 0, 0, 8, 7, 2, 4.06%, 0, 2, 2, 0.20, 1125, 2661, 0, 0
466, 0, 0, 8, 7, 2, 4.06%, 0, 2, 2, 0.20, 1127, 2661, 0, 0
477, 0, 0, 8, 7, 2, 4.06%, 0, 2, 2, 0.20, 1129, 2661, 0, 0
487, 0, 0, 8, 7, 2, 4.06%, 0, 2, 2, 0.20, 1131, 2661, 0, 0
497, 0, 0, 8, 7, 2, 4.06%, 0, 2, 2, 0.20, 1133, 2661, 0, 0
507, 0, 0, 8, 7, 2, 4.06%, 0, 2, 2, 0.20, 1135, 2661, 0, 0
517, 0, 0, 8, 7, 2, 4.06%, 0, 2, 2, 0.20, 1137, 2661, 0, 0
527, 0, 0, 8, 7, 2, 4.06%, 0, 2, 2, 0.20, 1139, 2661, 0, 0
532, 0, 0, 8, 7, 2, 4.06%, 0, 2, 2, 14.63, 1143, 2661, 0, 0
537, 0, 0, 8, 7, 2, 4.06%, 0, 2, 2, 14.99, 1220, 2661, 0, 0
543, 0, 0, 8, 7, 2, 4.06%, 0, 2, 2, 0.75, 1237, 2661, 0, 0
549, 0, 0, 8, 7, 2, 4.06%, 0, 2, 2, 0.70, 1242, 2661, 0, 0
559, 0, 0, 8, 7, 2, 4.06%, 0, 2, 2, 0.64, 1245, 2661, 0, 0
564, 0, 0, 8, 7, 2, 4.06%, 0, 2, 2, 0.62, 1247, 2661, 0, 0
569, 0, 0, 8, 7, 2, 4.06%, 0, 2, 2, 0.60, 1248, 2661, 0, 0
574, 0, 0, 8, 7, 2, 4.06%, 0, 2, 2, 0.58, 1250, 2661, 0, 0
579, 0, 0, 8, 7, 2, 4.06%, 0, 2, 2, 0.58, 1253, 2661, 0, 0
587, 0, 0, 8, 7, 2, 4.06%, 0, 2, 2, 0.55, 1255, 2661, 0, 0
592, 0, 0, 8, 7, 2, 4.06%, 0, 2, 2, 0.52, 1256, 2661, 0, 0
598, 0, 0, 8, 7, 2, 4.06%, 0, 2, 2, 0.50, 1257, 2661, 0, 0
603, 0, 0, 8, 7, 2, 4.06%, 0, 2, 2, 0.50, 1259, 2661, 0, 0
609, 0, 0, 8, 7, 2, 4.06%, 0, 2, 2, 0.38, 1264, 2661, 0, 0
618, 0, 0, 8, 7, 2, 4.06%, 0, 2, 2, 0.57, 1297, 2661, 0, 0
623, 0, 0, 8, 7, 2, 4.06%, 0, 2, 2, 14.89, 1316, 2661, 0, 0
630, 0, 0, 8, 7, 2, 4.06%, 0, 2, 2, 0.57, 1342, 2661, 0, 0
635, 0, 0, 8, 7, 2, 4.06%, 0, 2, 2, 0.55, 1343, 2661, 0, 0
640, 0, 0, 8, 7, 2, 4.06%, 0, 2, 2, 0.52, 1344, 2661, 0, 0
645, 0, 0, 8, 7, 2, 4.06%, 0, 2, 2, 0.52, 1346, 2661, 0, 0
650, 0, 0, 8, 7, 2, 4.06%, 0, 2, 2, 0.50, 1347, 2661, 0, 0
655, 0, 0, 8, 7, 2, 4.06%, 0, 2, 2, 0.48, 1348, 2661, 0, 0
660, 0, 0, 8, 7, 2, 4.06%, 0, 2, 2, 0.46, 1349, 2661, 0, 0
666, 0, 0, 8, 7, 2, 4.06%, 0, 2, 2, 0.44, 1350, 2661, 0, 0
671, 0, 0, 8, 7, 2, 4.06%, 0, 2, 2, 0.43, 1351, 2661, 0, 0
677, 0, 0, 8, 7, 2, 4.06%, 0, 2, 2, 0.57, 1369, 2661, 0, 0
682, 0, 0, 8, 7, 2, 4.06%, 0, 2, 2, 14.96, 1446, 2661, 0, 0
687, 0, 0, 8, 7, 2, 4.06%, 0, 2, 2, 14.96, 1523, 2661, 0, 0
692, 0, 6, 8, 5, 2, 4.06%, 0, 2, 2, 14.95, 1600, 2661, 0, 0
697, 0, 7, 8, 4, 1, 4.06%, 0, 2, 2, 14.06, 1663, 2661, 0, 0
703, 0, 4, 8, 3, 0, 4.06%, 0, 2, 2, 14.74, 1739, 2661, 0, 0
708, 0, 0, 8, 2, 0, 4.06%, 1, 2, 2, 14.29, 1815, 2661, 1, 0
713, 1, 4, 8, 0, 0, 4.06%, 1, 2, 2, 14.77, 1893, 2661, 1, 0
718, 1, 7, 8, 0, 0, 4.06%, 2, 2, 2, 14.11, 1963, 2661, 2, 0
725, 1, 6, 8, 0, 0, 4.06%, 2, 2, 2, 0.57, 1984, 2661, 3, 0
733, 2, 0, 8, 0, 0, 4.06%, 2, 2, 2, 0.57, 2035, 2661, 3, 0
738, 2, 6, 8, 0, 0, 4.06%, 3, 2, 2, 14.70, 2084, 2661, 4, 0
747, 3, 0, 8, 0, 0, 4.06%, 3, 2, 2, 0.19, 2136, 2661, 5, 0
756, 3, 6, 8, 0, 0, 4.06%, 3, 2, 2, 0.38, 2187, 2661, 5, 0
761, 4, 5, 8, 0, 0, 4.06%, 3, 2, 2, 14.60, 2264, 2661, 5, 0
766, 4, 7, 8, 0, 0, 4.06%, 3, 2, 2, 13.88, 2332, 2661, 7, 0
772, 5, 6, 8, 0, 0, 4.06%, 3, 2, 2, 13.25, 2401, 2661, 7, 0
778, 5, 6, 8, 0, 0, 4.06%, 3, 2, 2, 0.57, 2412, 2661, 7, 0
783, 6, 6, 8, 0, 0, 4.06%, 3, 2, 2, 14.93, 2489, 2661, 7, 0
788, 6, 7, 8, 0, 0, 4.06%, 3, 2, 2, 14.66, 2564, 2661, 8, 0
794, 6, 4, 8, 0, 0, 4.06%, 3, 2, 2, 0.57, 2579, 2661, 8, 0
799, 7, 5, 8, 0, 0, 4.06%, 3, 2, 2, 14.85, 2654, 2661, 8, 0
808, 7, 6, 8, 0, 0, 4.06%, 3, 2, 2, 0.57, 2702, 2661, 8, 0
815, 8, 6, 8, 0, 0, 4.06%, 3, 3, 2, 0.19, 2731, 2661, 8, 0
822, 8, 6, 8, 0, 0, 4.06%, 3, 3, 2, 0.40, 2770, 2661, 10, 0
830, 8, 6, 8, 0, 0, 4.06%, 3, 3, 2, 0.57, 2806, 2661, 10, 0
837, 9, 6, 8, 0, 0, 4.06%, 3, 3, 2, 0.75, 2842, 2661, 10, 0
843, 9, 1, 8, 0, 0, 4.06%, 3, 3, 2, 14.95, 2920, 2661, 10, 0
848, 10, 2, 8, 0, 0, 4.06%, 3, 3, 2, 14.90, 2995, 2661, 10, 0
853, 10, 0, 8, 0, 0, 4.06%, 3, 3, 2, 13.74, 3029, 2661, 10, 0
858, 10, 7, 8, 0, 0, 4.06%, 3, 3, 2, 0.39, 3034, 2661, 10, 0
863, 11, 6, 8, 0, 0, 4.06%, 3, 3, 2, 12.69, 3092, 2661, 10, 0
869, 11, 6, 8, 0, 0, 4.06%, 3, 3, 2, 0.38, 3100, 2661, 10, 0
875, 11, 0, 8, 0, 0, 4.06%, 3, 3, 2, 0.32, 3127, 2661, 10, 0
880, 11, 2, 8, 0, 0, 4.06%, 3, 3, 2, 12.61, 3189, 2661, 11, 0
885, 12, 1, 8, 0, 0, 4.06%, 3, 3, 2, 12.79, 3255, 2661, 11, 0
892, 12, 4, 8, 0, 0, 4.06%, 3, 3, 2, 0.37, 3310, 2661, 11, 0
899, 13, 6, 8, 0, 0, 4.06%, 4, 3, 2, 0.20, 3327, 2661, 12, 0
904, 13, 6, 8, 0, 0, 4.06%, 5, 3, 2, 14.48, 3391, 2661, 13, 0
909, 14, 1, 8, 0, 0, 4.06%, 5, 3, 2, 14.08, 3455, 2661, 14, 0
914, 14, 6, 8, 0, 0, 4.06%, 5, 3, 2, 13.89, 3523, 2661, 15, 0
919, 15, 6, 8, 0, 0, 4.06%, 5, 3, 2, 1.27, 3566, 2661, 15, 0
927, 15, 7, 8, 0, 0, 4.06%, 5, 3, 2, 0.57, 3610, 2661, 15, 0
932, 16, 1, 8, 0, 0, 4.06%, 5, 3, 2, 14.64, 3682, 2661, 16, 0
937, 16, 1, 8, 0, 0, 4.06%, 5, 3, 2, 14.31, 3754, 2661, 17, 0
943, 16, 5, 8, 0, 0, 4.06%, 5, 3, 2, 0.57, 3768, 2661, 17, 0
949, 17, 6, 8, 0, 0, 4.06%, 5, 3, 2, 14.82, 3844, 2661, 17, 0
954, 18, 7, 8, 0, 0, 4.06%, 5, 3, 2, 14.84, 3922, 2661, 17, 0
959, 18, 0, 8, 0, 0, 4.06%, 5, 3, 2, 1.02, 3963, 2661, 17, 0
964, 18, 6, 8, 0, 0, 4.06%, 5, 3, 2, 14.47, 4038, 2661, 17, 0
970, 19, 7, 8, 0, 0, 4.06%, 5, 3, 2, 13.95, 4109, 2661, 17, 0
975, 20, 1, 8, 0, 0, 4.06%, 5, 3, 2, 14.54, 4184, 2661, 17, 0
980, 20, 5, 8, 0, 0, 4.06%, 5, 3, 2, 14.72, 4259, 2661, 17, 0
987, 21, 6, 8, 0, 0, 4.06%, 5, 3, 2, 0.88, 4327, 2661, 17, 0
993, 21, 6, 8, 0, 0, 4.06%, 5, 3, 2, 12.82, 4393, 2661, 17, 0
998, 22, 6, 8, 0, 0, 4.06%, 5, 3, 2, 12.26, 4455, 2661, 17, 0
1007, 22, 6, 8, 0, 0, 4.06%, 5, 3, 2, 0.57, 4509, 2661, 17, 0
1012, 23, 6, 8, 0, 0, 4.06%, 5, 3, 2, 12.85, 4575, 2661, 17, 0
1018, 23, 6, 8, 0, 0, 4.06%, 5, 3, 2, 0.38, 4577, 2661, 17, 0
1025, 23, 0, 8, 0, 0, 4.06%, 5, 3, 2, 1.58, 4596, 2661, 19, 0
1030, 24, 1, 8, 0, 0, 4.06%, 5, 3, 2, 12.94, 4658, 2661, 20, 0
1035, 24, 6, 8, 0, 0, 4.06%, 5, 3, 2, 12.89, 4724, 2661, 20, 0
1040, 25, 6, 8, 0, 0, 4.06%, 5, 3, 2, 12.86, 4790, 2661, 20, 0
1046, 25, 1, 8, 0, 0, 4.06%, 5, 3, 2, 12.89, 4856, 2661, 20, 0
1051, 26, 6, 8, 0, 0, 4.06%, 5, 3, 2, 12.32, 4910, 2661, 20, 0
1056, 26, 6, 8, 0, 0, 4.06%, 5, 3, 2, 11.92, 4967, 2661, 20, 0
1061, 27, 6, 8, 0, 0, 4.06%, 5, 3, 2, 12.31, 5017, 2661, 21, 0
1066, 27, 6, 8, 0, 0, 4.06%, 5, 3, 2, 12.77, 5075, 2661, 21, 0
1072, 28, 6, 8, 0, 0, 4.06%, 5, 3, 2, 0.40, 5131, 2661, 21, 0
1078, 28, 6, 8, 0, 0, 4.06%, 5, 3, 2, 10.17, 5191, 2661, 21, 0
1083, 29, 2, 8, 0, 0, 4.06%, 5, 3, 2, 12.22, 5257, 2661, 21, 0
1088, 29, 6, 8, 0, 0, 4.06%, 5, 3, 2, 14.05, 5333, 2661, 21, 0
1094, 29, 0, 8, 0, 0, 4.06%, 5, 3, 2, 0.20, 5347, 2661, 21, 0
1099, 29, 0, 8, 0, 0, 4.06%, 5, 3, 2, 0.57, 5353, 2661, 21, 0
1109, 30, 6, 8, 0, 0, 4.06%, 5, 3, 2, 0.19, 5414, 2661, 21, 0
1114, 30, 6, 8, 0, 0, 4.06%, 5, 3, 2, 0.19, 5415, 2661, 21, 0
1121, 30, 6, 8, 0, 0, 4.06%, 5, 3, 2, 0.39, 5438, 2661, 21, 0
1126, 31, 6, 8, 0, 0, 4.06%, 5, 3, 2, 14.02, 5508, 2661, 22, 0
1131, 31, 7, 8, 0, 0, 4.06%, 5, 3, 2, 13.18, 5574, 2661, 22, 0
1136, 32, 6, 8, 0, 0, 4.06%, 5, 3, 2, 14.33, 5648, 2661, 22, 0
1144, 32, 6, 8, 0, 0, 4.06%, 5, 3, 2, 0.57, 5693, 2661, 23, 0
1150, 32, 6, 8, 0, 0, 4.06%, 5, 3, 2, 0.20, 5703, 2661, 23, 0
1158, 33, 0, 8, 0, 0, 4.06%, 5, 3, 2, 0.20, 5740, 2661, 24, 0
1164, 33, 0, 8, 0, 0, 4.06%, 5, 3, 2, 13.32, 5809, 2661, 25, 0
1169, 34, 1, 8, 0, 0, 4.06%, 5, 3, 2, 13.98, 5880, 2661, 25, 0
1174, 34, 6, 8, 0, 0, 4.06%, 5, 3, 2, 7.80, 5920, 2661, 26, 0
1179, 35, 1, 8, 0, 0, 4.06%, 5, 3, 2, 12.92, 5996, 2661, 26, 0
1184, 35, 2, 8, 0, 0, 4.06%, 5, 3, 2, 13.61, 6068, 2661, 26, 0
1190, 36, 6, 8, 0, 0, 4.06%, 5, 3, 2, 0.57, 6086, 2661, 26, 0
1199, 36, 7, 8, 0, 0, 4.06%, 5, 3, 2, 0.38, 6127, 2661, 26, 0
1204, 36, 6, 8, 0, 0, 4.06%, 5, 3, 2, 10.41, 6185, 2661, 28, 0
1210, 37, 6, 8, 0, 0, 4.06%, 5, 3, 2, 0.95, 6245, 2661, 28, 0
1215, 38, 7, 8, 0, 0, 4.06%, 5, 3, 2, 22.51, 6360, 2661, 28, 0
1220, 38, 6, 8, 0, 0, 4.06%, 5, 3, 2, 22.53, 6416, 2661, 28, 0
1225, 39, 7, 8, 0, 0, 4.06%, 5, 3, 2, 0.95, 6457, 2661, 29, 0
1231, 40, 6, 8, 0, 0, 4.06%, 5, 3, 2, 21.08, 6565, 2661, 30, 0
1236, 40, 0, 8, 0, 0, 4.06%, 5, 3, 2, 21.65, 6674, 2661, 31, 0
1241, 41, 6, 8, 0, 0, 4.06%, 5, 3, 2, 22.03, 6782, 2661, 31, 0
1246, 42, 6, 8, 0, 0, 4.06%, 5, 3, 2, 22.43, 6897, 2661, 31, 0
1251, 43, 7, 8, 0, 0, 4.06%, 5, 3, 2, 22.49, 7012, 2661, 31, 0
1256, 44, 2, 8, 0, 0, 4.06%, 5, 3, 2, 21.66, 7124, 2661, 32, 0
1261, 45, 4, 8, 0, 0, 4.06%, 5, 3, 2, 22.28, 7172, 2661, 32, 0
1266, 45, 6, 8, 0, 0, 4.06%, 5, 3, 2, 22.26, 7278, 2661, 32, 0
1271, 46, 1, 8, 0, 0, 4.06%, 5, 3, 2, 22.50, 7324, 2661, 32, 0
1276, 47, 6, 8, 0, 0, 4.06%, 5, 3, 2, 22.52, 7439, 2661, 32, 0
1283, 47, 4, 8, 0, 0, 4.06%, 5, 3, 2, 1.64, 7518, 2661, 32, 0
1288, 48, 4, 8, 0, 0, 4.06%, 5, 3, 2, 22.56, 7633, 2661, 32, 0
1293, 49, 6, 8, 0, 0, 4.06%, 5, 3, 2, 7.24, 7708, 2661, 34, 0
1298, 50, 1, 8, 0, 0, 4.06%, 5, 3, 2, 11.56, 7774, 2661, 34, 0
1303, 50, 6, 8, 0, 0, 4.06%, 5, 3, 2, 12.24, 7834, 2661, 34, 0
1308, 51, 6, 8, 0, 0, 4.06%, 5, 3, 2, 12.73, 7900, 2661, 34, 0
1315, 51, 6, 8, 0, 0, 4.06%, 5, 3, 2, 0.80, 7936, 2661, 34, 0
1320, 51, 6, 8, 0, 0, 4.06%, 5, 3, 2, 10.55, 7993, 2661, 36, 0
1325, 52, 1, 8, 0, 0, 4.06%, 5, 3, 2, 11.68, 8050, 2661, 36, 0
1330, 52, 1, 8, 0, 0, 4.06%, 5, 3, 2, 12.16, 8107, 2661, 37, 0
1336, 53, 7, 8, 0, 0, 4.06%, 5, 3, 2, 0.19, 8120, 2661, 37, 0
1342, 53, 6, 8, 0, 0, 4.06%, 5, 3, 2, 12.91, 8186, 2661, 37, 0
1347, 53, 0, 8, 0, 0, 4.06%, 5, 3, 2, 0.19, 8196, 2661, 37, 0
1353, 53, 5, 8, 0, 0, 4.06%, 5, 3, 2, 0.38, 8207, 2661, 37, 0
1359, 54, 0, 8, 0, 0, 4.06%, 5, 3, 2, 1.06, 8252, 2661, 37, 0
1367, 54, 6, 8, 0, 0, 4.06%, 5, 3, 2, 0.19, 8283, 2661, 37, 0
1374, 54, 6, 8, 0, 0, 4.06%, 5, 3, 2, 0.20, 8314, 2661, 37, 0
1379, 55, 6, 8, 0, 0, 4.06%, 5, 3, 2, 10.42, 8374, 2661, 37, 0
1385, 55, 6, 8, 0, 0, 4.06%, 5, 3, 2, 11.87, 8435, 2661, 39, 0
1393, 56, 0, 8, 0, 0, 4.06%, 5, 3, 2, 0.84, 8492, 2661, 40, 0
1400, 56, 0, 8, 0, 0, 4.06%, 5, 3, 2, 0.19, 8523, 2661, 40, 0
1405, 56, 1, 8, 0, 0, 4.06%, 5, 3, 2, 12.62, 8586, 2661, 41, 0
1410, 57, 4, 8, 0, 0, 4.06%, 5, 3, 2, 1.03, 8607, 2661, 41, 0
1415, 57, 6, 8, 0, 0, 4.06%, 5, 3, 2, 12.98, 8663, 2661, 43, 0
1421, 58, 5, 8, 0, 0, 4.06%, 5, 3, 2, 12.43, 8722, 2661, 45, 0
1426, 58, 6, 8, 0, 0, 4.06%, 5, 3, 2, 12.44, 8781, 2661, 48, 0
1431, 59, 6, 8, 0, 0, 4.06%, 5, 3, 2, 13.61, 8849, 2661, 48, 0
1440, 59, 0, 8, 0, 0, 4.06%, 5, 3, 2, 0.19, 8902, 2661, 48, 0
1447, 59, 6, 8, 0, 0, 4.06%, 5, 3, 2, 0.19, 8923, 2661, 48, 0
1456, 60, 6, 8, 0, 0, 4.06%, 5, 3, 2, 0.38, 8970, 2661, 49, 0
1461, 60, 1, 8, 0, 0, 4.06%, 5, 3, 2, 13.92, 9041, 2661, 50, 0
1471, 61, 6, 8, 0, 0, 4.06%, 5, 3, 2, 0.57, 9098, 2661, 50, 0
1476, 61, 0, 8, 0, 0, 4.06%, 5, 3, 2, 14.02, 9169, 2661, 51, 0
1481, 62, 6, 8, 0, 0, 4.06%, 5, 3, 2, 13.36, 9238, 2661, 51, 0
1486, 62, 4, 8, 0, 0, 4.06%, 5, 3, 2, 12.69, 9300, 2661, 51, 0
1491, 63, 6, 8, 0, 0, 4.06%, 5, 3, 2, 12.62, 9363, 2661, 52, 0
1496, 63, 6, 8, 0, 0, 4.06%, 5, 3, 2, 12.17, 9422, 2661, 54, 0
1505, 64, 6, 8, 0, 0, 4.06%, 5, 3, 2, 0.39, 9463, 2661, 55, 0
1510, 64, 5, 8, 0, 0, 4.06%, 5, 3, 2, 13.59, 9533, 2661, 55, 0
1518, 65, 0, 8, 0, 0, 4.06%, 5, 3, 2, 0.57, 9575, 2661, 55, 0
1523, 65, 2, 8, 0, 0, 4.06%, 5, 3, 2, 12.74, 9637, 2661, 56, 0
1528, 66, 1, 8, 0, 0, 4.06%, 5, 3, 2, 12.35, 9697, 2661, 58, 0
1534, 66, 6, 8, 0, 0, 4.06%, 5, 3, 2, 12.90, 9729, 2661, 58, 0
1539, 66, 6, 8, 0, 0, 4.06%, 5, 3, 2, 12.87, 9793, 2661, 58, 0
1544, 67, 6, 8, 0, 0, 4.06%, 5, 3, 2, 5.42, 9819, 2661, 60, 0
1549, 67, 1, 8, 0, 0, 4.06%, 5, 3, 2, 10.91, 9883, 2661, 61, 0
1554, 68, 6, 8, 0, 0, 4.06%, 5, 3, 2, 12.38, 9949, 2661, 61, 0
1559, 68, 2, 8, 0, 0, 4.06%, 5, 3, 2, 12.82, 10015, 2661, 61, 0
1564, 69, 1, 8, 0, 0, 4.06%, 5, 3, 2, 12.45, 10079, 2661, 62, 0
1569, 69, 1, 8, 0, 0, 4.06%, 5, 3, 2, 12.77, 10145, 2661, 62, 0
1575, 70, 6, 8, 0, 0, 4.06%, 5, 3, 2, 12.52, 10204, 2661, 62, 0
1581, 70, 6, 8, 0, 0, 4.06%, 5, 3, 2, 0.57, 10213, 2661, 63, 0
1589, 70, 6, 8, 0, 0, 4.06%, 5, 3, 2, 0.57, 10257, 2661, 63, 0
1595, 70, 6, 8, 0, 0, 4.06%, 5, 3, 2, 0.57, 10272, 2661, 63, 0
1604, 71, 0, 8, 0, 0, 4.06%, 5, 3, 2, 0.38, 10322, 2661, 63, 0
1610, 71, 6, 8, 0, 0, 4.06%, 5, 3, 2, 0.60, 10363, 2661, 64, 0
1615, 72, 4, 8, 0, 0, 4.06%, 5, 3, 2, 12.46, 10426, 2661, 65, 0
1620, 72, 6, 8, 0, 0, 4.06%, 5, 3, 2, 11.79, 10478, 2661, 67, 0
1626, 72, 6, 8, 0, 0, 4.06%, 5, 3, 2, 0.19, 10485, 2661, 67, 0
1631, 73, 4, 8, 0, 0, 4.06%, 5, 3, 2, 12.77, 10526, 2661, 67, 0
1636, 73, 6, 8, 0, 0, 4.06%, 5, 3, 2, 12.41, 10587, 2661, 68, 0
1643, 74, 6, 8, 0, 0, 4.06%, 5, 3, 2, 0.28, 10642, 2661, 68, 0
1649, 74, 6, 8, 0, 0, 4.06%, 5, 3, 2, 0.39, 10650, 2661, 68, 0
1654, 74, 4, 8, 0, 0, 4.06%, 5, 3, 2, 0.57, 10656, 2661, 68, 0
1661, 74, 6, 8, 0, 0, 4.06%, 5, 3, 2, 0.38, 10673, 2661, 68, 0
1666, 74, 1, 8, 0, 0, 4.06%, 5, 3, 2, 12.84, 10731, 2661, 68, 0
1672, 74, 6, 8, 0, 0, 4.06%, 5, 3, 2, 0.38, 10739, 2661, 68, 0
1678, 75, 6, 8, 0, 0, 4.06%, 5, 3, 2, 1.41, 10790, 2661, 69, 0
1688, 75, 6, 8, 0, 0, 4.06%, 5, 3, 2, 0.57, 10834, 2661, 69, 0
1693, 75, 6, 8, 0, 0, 4.06%, 5, 3, 2, 0.38, 10842, 2661, 69, 0
1698, 76, 6, 8, 0, 0, 4.06%, 5, 3, 2, 12.46, 10901, 2661, 69, 0
1704, 76, 6, 8, 0, 0, 4.06%, 5, 3, 2, 12.34, 10960, 2661, 69, 0
1709, 77, 6, 8, 0, 0, 4.06%, 5, 3, 2, 12.69, 11026, 2661, 69, 0
1714, 77, 6, 8, 0, 0, 4.06%, 5, 3, 2, 12.18, 11088, 2661, 69, 0
1719, 78, 6, 8, 0, 0, 4.06%, 5, 3, 2, 12.51, 11151, 2661, 70, 0
1724, 78, 4, 8, 0, 0, 4.06%, 5, 3, 2, 12.74, 11217, 2661, 70, 0
1730, 79, 4, 8, 0, 0, 4.06%, 5, 3, 2, 12.82, 11283, 2661, 70, 0
1735, 79, 0, 8, 0, 0, 4.06%, 5, 3, 2, 0.38, 11291, 2661, 70, 0
1740, 79, 6, 8, 0, 0, 4.06%, 5, 3, 2, 12.89, 11357, 2661, 70, 0
1745, 80, 7, 8, 0, 0, 4.06%, 5, 3, 2, 12.50, 11419, 2661, 71, 0
1752, 80, 4, 8, 0, 0, 4.06%, 5, 3, 2, 0.19, 11438, 2661, 71, 0
1757, 81, 5, 8, 0, 0, 4.06%, 5, 3, 2, 12.46, 11501, 2661, 72, 0
1762, 81, 5, 8, 0, 0, 4.06%, 5, 3, 2, 12.74, 11567, 2661, 72, 0
1772, 82, 4, 8, 0, 0, 4.06%, 5, 3, 2, 0.57, 11633, 2661, 72, 0
1779, 82, 6, 8, 0, 0, 4.06%, 5, 3, 2, 1.45, 11694, 2661, 72, 0
1788, 83, 0, 8, 0, 0, 4.06%, 5, 3, 2, 0.57, 11741, 2661, 73, 0
1794, 83, 5, 8, 0, 0, 4.06%, 5, 3, 2, 12.79, 11807, 2661, 73, 0
1799, 84, 6, 8, 0, 0, 4.06%, 5, 3, 2, 12.26, 11866, 2661, 74, 0
1805, 84, 0, 8, 0, 0, 4.06%, 5, 3, 2, 0.38, 11883, 2661, 74, 0
1812, 84, 6, 8, 0, 0, 4.06%, 5, 3, 2, 0.57, 11910, 2661, 74, 0
1819, 84, 6, 8, 0, 0, 4.06%, 5, 3, 2, 0.39, 11930, 2661, 75, 0
1824, 85, 6, 8, 0, 0, 4.06%, 5, 3, 2, 9.62, 11982, 2661, 77, 0
1830, 85, 6, 8, 0, 0, 4.06%, 5, 3, 2, 0.19, 11989, 2661, 77, 0
1837, 85, 6, 8, 0, 0, 4.06%, 5, 3, 2, 0.19, 12005, 2661, 77, 0
1844, 85, 5, 8, 0, 0, 4.06%, 5, 3, 2, 0.20, 12025, 2661, 77, 0
1849, 86, 5, 8, 0, 0, 4.06%, 5, 3, 2, 13.13, 12094, 2661, 78, 0
1857, 86, 0, 8, 0, 0, 4.06%, 5, 3, 2, 0.57, 12134, 2661, 78, 0
1863, 87, 6, 8, 0, 0, 4.06%, 5, 3, 2, 14.53, 12207, 2661, 79, 0
1873, 87, 6, 8, 0, 0, 4.06%, 5, 3, 2, 0.57, 12270, 2661, 79, 0
1878, 88, 6, 8, 0, 0, 4.06%, 5, 3, 2, 14.18, 12326, 2661, 79, 0
1883, 88, 2, 8, 0, 0, 4.06%, 5, 3, 2, 12.84, 12389, 2661, 79, 0
1890, 88, 0, 8, 0, 0, 4.06%, 5, 3, 2, 0.57, 12416, 2661, 79, 0
1895, 89, 6, 8, 0, 0, 4.06%, 5, 3, 2, 12.79, 12482, 2661, 79, 0
1904, 89, 6, 8, 0, 0, 4.06%, 5, 3, 2, 0.19, 12531, 2661, 80, 0
1912, 90, 7, 8, 0, 0, 4.06%, 5, 3, 2, 0.57, 12569, 2661, 81, 0
1917, 90, 6, 8, 0, 0, 4.06%, 5, 3, 2, 13.02, 12633, 2661, 82, 0
1923, 91, 4, 8, 0, 0, 4.06%, 5, 3, 2, 12.80, 12699, 2661, 82, 0
1928, 91, 6, 8, 0, 0, 4.06%, 5, 3, 2, 12.85, 12765, 2661, 82, 0
1933, 92, 6, 8, 0, 0, 4.06%, 5, 3, 2, 12.88, 12823, 2661, 82, 0
1938, 92, 6, 8, 0, 0, 4.06%, 5, 3, 2, 12.65, 12885, 2661, 83, 0
1943, 93, 4, 8, 0, 0, 4.06%, 5, 3, 2, 12.77, 12951, 2661, 83, 0
1948, 93, 4, 8, 0, 0, 4.06%, 5, 3, 2, 0.57, 12954, 2661, 83, 0
1953, 93, 6, 8, 0, 0, 4.06%, 5, 3, 2, 12.87, 13009, 2661, 83, 0
1963, 94, 6, 8, 0, 0, 4.06%, 5, 3, 2, 0.19, 13064, 2661, 83, 0
1969, 94, 6, 8, 0, 0, 4.06%, 5, 3, 2, 12.44, 13127, 2661, 83, 0
1974, 95, 6, 8, 0, 0, 4.06%, 5, 3, 2, 13.99, 13204, 2661, 83, 0
1979, 95, 6, 8, 0, 0, 4.06%, 5, 3, 2, 0.19, 13205, 2661, 83, 0
1984, 95, 6, 8, 0, 0, 4.06%, 5, 3, 2, 12.60, 13264, 2661, 83, 0
1990, 95, 7, 8, 0, 0, 4.06%, 5, 3, 2, 0.20, 13274, 2661, 84, 0
1996, 96, 6, 8, 0, 0, 4.06%, 5, 3, 2, 0.20, 13284, 2661, 85, 0
2001, 96, 1, 8, 0, 0, 4.06%, 5, 3, 2, 12.82, 13343, 2661, 85, 0
2007, 97, 6, 8, 0, 0, 4.06%, 5, 3, 2, 12.26, 13404, 2661, 86, 0
2016, 97, 7, 8, 0, 0, 4.06%, 5, 3, 2, 0.38, 13457, 2661, 86, 0
2024, 97, 6, 8, 0, 0, 4.06%, 5, 3, 2, 0.57, 13491, 2661, 87, 0
2029, 98, 6, 8, 0, 0, 4.06%, 5, 3, 2, 12.17, 13542, 2661, 88, 0
2034, 98, 1, 8, 0, 0, 4.06%, 5, 3, 2, 12.42, 13606, 2661, 89, 0
2039, 99, 7, 8, 0, 0, 4.06%, 5, 3, 2, 1.10, 13639, 2661, 89, 0
2044, 99, 1, 8, 0, 0, 4.06%, 5, 3, 2, 14.84, 13715, 2661, 89, 0
2049, 100, 7, 8, 0, 0, 4.06%, 5, 3, 2, 13.19, 13775, 2661, 89, 0
2055, 100, 1, 8, 0, 0, 4.06%, 5, 3, 2, 12.90, 13841, 2661, 89, 0
2061, 100, 4, 8, 0, 0, 4.06%, 5, 3, 2, 0.71, 13868, 2661, 89, 0
2066, 101, 6, 8, 0, 0, 4.06%, 5, 3, 2, 14.33, 13939, 2661, 89, 0
2071, 101, 5, 8, 0, 0, 4.06%, 5, 3, 2, 12.18, 13998, 2661, 91, 0
2076, 102, 1, 8, 0, 0, 4.06%, 5, 3, 2, 12.24, 14054, 2661, 93, 0
2081, 102, 0, 8, 0, 0, 4.06%, 5, 3, 2, 12.82, 14078, 2661, 93, 0
2086, 103, 1, 8, 0, 0, 4.06%, 5, 3, 2, 12.88, 14129, 2661, 94, 0
2092, 103, 4, 8, 0, 0, 4.06%, 5, 3, 2, 12.87, 14185, 2661, 94, 0
2097, 104, 6, 8, 0, 0, 4.06%, 5, 3, 2, 12.87, 14251, 2661, 94, 0
2102, 104, 6, 8, 0, 0, 4.06%, 5, 3, 2, 12.57, 14315, 2661, 95, 0
2107, 105, 1, 8, 0, 0, 4.06%, 5, 3, 2, 12.47, 14379, 2661, 96, 0
2115, 105, 0, 8, 0, 0, 4.06%, 5, 3, 2, 0.38, 14417, 2661, 96, 0
2120, 105, 6, 8, 0, 0, 4.06%, 5, 3, 2, 12.67, 14478, 2661, 97, 0
2125, 106, 6, 8, 0, 0, 4.06%, 5, 3, 2, 12.78, 14544, 2661, 97, 0
2131, 107, 6, 8, 0, 0, 4.06%, 5, 3, 2, 12.61, 14607, 2661, 98, 0
2136, 107, 1, 8, 0, 0, 4.06%, 5, 3, 2, 12.78, 14673, 2661, 98, 0
2141, 108, 4, 8, 0, 0, 4.06%, 5, 3, 2, 11.91, 14730, 2661, 99, 0
2146, 108, 4, 8, 0, 0, 4.06%, 5, 3, 2, 12.59, 14796, 2661, 99, 0
2151, 109, 6, 8, 0, 0, 4.06%, 5, 3, 2, 12.78, 14862, 2661, 99, 0
2158, 109, 6, 8, 0, 0, 4.06%, 5, 3, 2, 0.19, 14881, 2661, 99, 0
2165, 109, 4, 8, 0, 0, 4.06%, 5, 3, 2, 0.38, 14907, 2661, 100, 0
2171, 110, 6, 8, 0, 0, 4.06%, 5, 3, 2, 12.83, 14973, 2661, 100, 0
2176, 110, 6, 8, 0, 0, 4.06%, 5, 3, 2, 12.69, 15038, 2661, 100, 0
2181, 111, 7, 8, 0, 0, 4.06%, 5, 3, 2, 12.52, 15095, 2661, 100, 0
2186, 111, 0, 8, 0, 0, 4.06%, 5, 3, 2, 12.79, 15154, 2661, 100, 0
2193, 111, 6, 8, 0, 0, 4.06%, 5, 3, 2, 0.75, 15179, 2661, 100, 0
2198, 112, 6, 8, 0, 0, 4.06%, 5, 3, 2, 12.72, 15245, 2661, 100, 0
2203, 112, 5, 8, 0, 0, 4.06%, 5, 3, 2, 13.44, 15310, 2661, 101, 0
2208, 113, 6, 8, 0, 0, 4.06%, 5, 3, 2, 12.84, 15374, 2661, 102, 0
2214, 114, 6, 8, 0, 0, 4.06%, 5, 3, 2, 12.79, 15440, 2661, 102, 0
2222, 114, 6, 8, 0, 0, 4.06%, 5, 3, 2, 0.19, 15483, 2661, 102, 0
2227, 114, 1, 8, 0, 0, 4.06%, 5, 3, 2, 9.80, 15538, 2661, 103, 0
2232, 115, 4, 8, 0, 0, 4.06%, 5, 3, 2, 11.61, 15599, 2661, 104, 0
2237, 115, 6, 8, 0, 0, 4.06%, 5, 3, 2, 12.24, 15661, 2661, 105, 0
2243, 116, 6, 8, 0, 0, 4.06%, 5, 3, 2, 12.64, 15727, 2661, 105, 0
2248, 116, 6, 8, 0, 0, 4.06%, 5, 3, 2, 12.75, 15793, 2661, 105, 0
2253, 117, 6, 8, 0, 0, 4.06%, 5, 3, 2, 12.78, 15859, 2661, 105, 0
2258, 118, 7, 8, 0, 0, 4.06%, 5, 3, 2, 13.81, 15932, 2661, 106, 0
2263, 118, 0, 8, 0, 0, 4.06%, 5, 3, 2, 2.39, 15991, 2661, 106, 0
2273, 119, 6, 8, 0, 0, 4.06%, 5, 3, 2, 0.19, 16055, 2661, 106, 0
2283, 119, 0, 8, 0, 0, 4.06%, 5, 3, 2, 0.38, 16102, 2661, 107, 0
2288, 120, 6, 8, 0, 0, 4.06%, 5, 3, 2, 13.47, 16169, 2661, 109, 0
2293, 120, 6, 8, 0, 0, 4.06%, 5, 3, 2, 13.10, 16235, 2661, 109, 0
2300, 120, 6, 8, 0, 0, 4.06%, 5, 3, 2, 0.57, 16265, 2661, 109, 0
2307, 121, 0, 8, 0, 0, 4.06%, 5, 3, 2, 0.29, 16299, 2661, 109, 0
2313, 121, 1, 8, 0, 0, 4.06%, 5, 3, 2, 12.73, 16365, 2661, 109, 0
2318, 122, 1, 8, 0, 0, 4.06%, 5, 3, 2, 12.34, 16422, 2661, 109, 0
2323, 122, 2, 8, 0, 0, 4.06%, 5, 3, 2, 12.68, 16488, 2661, 109, 0
2328, 122, 6, 8, 0, 0, 4.06%, 5, 3, 2, 13.00, 16517, 2661, 109, 0
2333, 123, 6, 8, 0, 0, 4.06%, 5, 3, 2, 12.81, 16572, 2661, 109, 0
2339, 123, 6, 8, 0, 0, 4.06%, 5, 3, 2, 0.38, 16580, 2661, 109, 0
2344, 124, 5, 8, 0, 0, 4.06%, 5, 3, 2, 14.26, 16651, 2661, 109, 0
2349, 124, 6, 8, 0, 0, 4.06%, 5, 3, 2, 12.54, 16710, 2661, 110, 0
2354, 125, 2, 8, 0, 0, 4.06%, 5, 3, 2, 13.52, 16778, 2661, 110, 0
2359, 125, 6, 8, 0, 0, 4.06%, 5, 3, 2, 13.63, 16849, 2661, 110, 0
2367, 126, 6, 8, 0, 0, 4.06%, 5, 3, 2, 0.38, 16890, 2661, 110, 0
2372, 126, 1, 8, 0, 0, 4.06%, 5, 3, 2, 12.76, 16956, 2661, 110, 0
2381, 127, 6, 8, 0, 0, 4.06%, 5, 3, 2, 0.19, 16999, 2661, 110, 0
2386, 127, 2, 8, 0, 0, 4.06%, 5, 3, 2, 12.88, 17044, 2661, 111, 0
2391, 127, 5, 8, 0, 0, 4.06%, 5, 3, 2, 14.01, 17115, 2661, 112, 0
2396, 128, 6, 8, 0, 0, 4.06%, 5, 3, 2, 12.99, 17137, 2661, 112, 0
2402, 128, 6, 8, 0, 0, 4.06%, 5, 3, 2, 0.38, 17148, 2661, 112, 0
2407, 128, 6, 8, 0, 0, 4.06%, 5, 3, 2, 12.85, 17211, 2661, 112, 0
2415, 129, 6, 8, 0, 0, 4.06%, 5, 3, 2, 0.38, 17251, 2661, 112, 0
2420, 129, 0, 8, 0, 0, 4.06%, 5, 3, 2, 13.02, 17320, 2661, 114, 0
2425, 129, 0, 8, 0, 0, 4.06%, 5, 3, 2, 0.38, 17322, 2661, 114, 0
2430, 130, 6, 8, 0, 0, 4.06%, 5, 3, 2, 14.00, 17394, 2661, 114, 0
2439, 130, 4, 8, 0, 0, 4.06%, 5, 3, 2, 0.57, 17445, 2661, 115, 0
2449, 131, 6, 8, 0, 0, 4.06%, 5, 3, 2, 0.19, 17494, 2661, 116, 0
2454, 131, 6, 8, 0, 0, 4.06%, 5, 3, 2, 0.57, 17500, 2661, 116, 0
2459, 131, 6, 8, 0, 0, 4.06%, 5, 3, 2, 0.56, 17502, 2661, 116, 0
2465, 131, 6, 8, 0, 0, 4.06%, 5, 3, 2, 12.84, 17568, 2661, 116, 0
2470, 132, 6, 8, 0, 0, 4.06%, 5, 3, 2, 13.09, 17637, 2661, 116, 0
2478, 132, 0, 8, 0, 0, 4.06%, 5, 3, 2, 0.19, 17676, 2661, 117, 0
2483, 133, 6, 8, 0, 0, 4.06%, 5, 3, 2, 12.23, 17737, 2661, 118, 0
2488, 133, 1, 8, 0, 0, 4.06%, 5, 3, 2, 12.63, 17803, 2661, 118, 0
2493, 134, 6, 8, 0, 0, 4.06%, 5, 3, 2, 14.93, 17860, 2661, 118, 0
2499, 134, 5, 8, 0, 0, 4.06%, 5, 3, 2, 0.63, 17890, 2661, 118, 0
2504, 135, 6, 8, 0, 0, 4.06%, 5, 3, 2, 13.90, 17963, 2661, 119, 0
2512, 135, 0, 8, 0, 0, 4.06%, 5, 3, 2, 0.19, 17997, 2661, 119, 0
2517, 135, 0, 8, 0, 0, 4.06%, 5, 3, 2, 12.75, 18040, 2661, 119, 0
2525, 135, 7, 8, 0, 0, 4.06%, 5, 3, 2, 0.19, 18071, 2661, 119, 0
2530, 136, 1, 8, 0, 0, 4.06%, 5, 3, 2, 12.25, 18121, 2661, 120, 0
2535, 136, 1, 8, 0, 0, 4.06%, 5, 3, 2, 14.36, 18142, 2661, 121, 0
2540, 136, 6, 8, 0, 0, 4.06%, 5, 3, 2, 12.82, 18181, 2661, 121, 0
2550, 137, 6, 8, 0, 0, 4.06%, 5, 3, 2, 0.38, 18240, 2661, 121, 0
2557, 137, 6, 8, 0, 0, 4.06%, 5, 3, 2, 0.19, 18257, 2661, 122, 0
2562, 137, 7, 8, 0, 0, 4.06%, 5, 3, 2, 0.19, 18267, 2661, 122, 0
2569, 138, 0, 8, 0, 0, 4.06%, 5, 3, 2, 1.01, 18324, 2661, 123, 0
2574, 138, 6, 8, 0, 0, 4.06%, 5, 3, 2, 12.85, 18390, 2661, 123, 0
2582, 138, 0, 8, 0, 0, 4.06%, 5, 3, 2, 0.38, 18414, 2661, 124, 0
2587, 139, 6, 8, 0, 0, 4.06%, 5, 3, 2, 12.76, 18480, 2661, 124, 0
2597, 139, 0, 8, 0, 0, 4.06%, 5, 3, 2, 0.38, 18532, 2661, 124, 0
2602, 140, 0, 8, 0, 0, 4.06%, 5, 3, 2, 3.51, 18562, 2661, 127, 0
2607, 140, 1, 8, 0, 0, 4.06%, 5, 3, 2, 10.93, 18629, 2661, 127, 0
2612, 141, 6, 8, 0, 0, 4.06%, 5, 3, 2, 13.18, 18699, 2661, 128, 0
2620, 141, 6, 8, 0, 0, 4.06%, 5, 3, 2, 0.19, 18733, 2661, 128, 0
2625, 141, 0, 8, 0, 0, 4.06%, 5, 3, 2, 0.38, 18744, 2661, 128, 0
2631, 142, 6, 8, 0, 0, 4.06%, 5, 3, 2, 12.85, 18810, 2661, 128, 0
2636, 142, 6, 8, 0, 0, 4.06%, 5, 3, 2, 11.85, 18866, 2661, 129, 0
2643, 142, 7, 8, 0, 0, 4.06%, 5, 3, 2, 0.57, 18896, 2661, 129, 0
2648, 143, 6, 8, 0, 0, 4.06%, 5, 3, 2, 12.37, 18955, 2661, 130, 0
2657, 143, 6, 8, 0, 0, 4.06%, 5, 3, 2, 0.57, 18993, 2661, 130, 0
2665, 143, 6, 8, 0, 0, 4.06%, 5, 3, 2, 0.57, 19026, 2661, 130, 0
2670, 144, 5, 8, 0, 0, 4.06%, 5, 3, 2, 12.27, 19086, 2661, 132, 0
2676, 144, 6, 8, 0, 0, 4.06%, 5, 3, 2, 0.38, 19096, 2661, 133, 0
2682, 144, 0, 8, 0, 0, 4.06%, 5, 3, 2, 12.42, 19149, 2661, 135, 0
2687, 145, 6, 8, 0, 0, 4.06%, 5, 3, 2, 0.63, 19208, 2661, 135, 0
2692, 145, 2, 8, 0, 0, 4.06%, 5, 3, 2, 12.50, 19271, 2661, 136, 0
2697, 146, 1, 8, 0, 0, 4.06%, 5, 3, 2, 12.73, 19337, 2661, 136, 0
2704, 146, 6, 8, 0, 0, 4.06%, 5, 3, 2, 0.38, 19354, 2661, 136, 0
2709, 147, 6, 8, 0, 0, 4.06%, 5, 3, 2, 12.39, 19413, 2661, 136, 0
2719, 147, 0, 8, 0, 0, 4.06%, 5, 3, 2, 0.19, 19461, 2661, 136, 0
2724, 148, 6, 8, 0, 0, 4.06%, 5, 3, 2, 13.15, 19530, 2661, 136, 0
2734, 148, 7, 8, 0, 0, 4.06%, 5, 3, 2, 0.38, 19591, 2661, 136, 0
2739, 149, 6, 8, 0, 0, 4.06%, 5, 3, 2, 12.47, 19649, 2661, 136, 0
2744, 149, 1, 8, 0, 0, 4.06%, 5, 3, 2, 12.71, 19715, 2661, 136, 0
2749, 150, 6, 8, 0, 0, 4.06%, 5, 3, 2, 12.84, 19781, 2661, 136, 0
2756, 150, 6, 8, 0, 0, 4.06%, 5, 3, 2, 0.38, 19798, 2661, 136, 0
2762, 150, 6, 8, 0, 0, 4.06%, 5, 3, 2, 0.57, 19809, 2661, 137, 0
2767, 150, 4, 8, 0, 0, 4.06%, 5, 3, 2, 12.78, 19875, 2661, 137, 0
2772, 151, 1, 8, 0, 0, 4.06%, 5, 3, 2, 12.61, 19938, 2661, 138, 0
2780, 151, 6, 8, 0, 0, 4.06%, 5, 3, 2, 0.57, 19965, 2661, 138, 0
2785, 152, 6, 8, 0, 0, 4.06%, 5, 3, 2, 14.04, 20036, 2661, 138, 0
2793, 152, 6, 8, 0, 0, 4.06%, 5, 3, 2, 0.19, 20083, 2661, 138, 0
2798, 153, 7, 8, 0, 0, 4.06%, 5, 3, 2, 12.77, 20149, 2661, 138, 0
2803, 153, 7, 8, 0, 0, 4.06%, 5, 3, 2, 0.38, 20154, 2661, 138, 0
2809, 153, 1, 8, 0, 0, 4.06%, 5, 3, 2, 13.52, 20223, 2661, 138, 0
2814, 154, 6, 8, 0, 0, 4.06%, 5, 3, 2, 13.12, 20287, 2661, 139, 0
2819, 154, 6, 8, 0, 0, 4.06%, 5, 3, 2, 12.72, 20348, 2661, 140, 0
2824, 155, 6, 8, 0, 0, 4.06%, 5, 3, 2, 12.18, 20409, 2661, 141, 0
2829, 155, 6, 8, 0, 0, 4.06%, 5, 3, 2, 12.57, 20475, 2661, 141, 0
2834, 156, 1, 8, 0, 0, 4.06%, 5, 3, 2, 12.47, 20540, 2661, 141, 0
2839, 157, 1, 8, 0, 0, 4.06%, 5, 3, 2, 12.20, 20601, 2661, 142, 0
2848, 157, 7, 8, 0, 0, 4.06%, 5, 3, 2, 0.38, 20651, 2661, 142, 0
2853, 157, 6, 8, 0, 0, 4.06%, 5, 3, 2, 12.79, 20717, 2661, 142, 0
2858, 158, 0, 8, 0, 0, 4.06%, 5, 3, 2, 1.09, 20751, 2661, 142, 0
2866, 158, 6, 8, 0, 0, 4.06%, 5, 3, 2, 0.19, 20774, 2661, 143, 0
2871, 159, 6, 8, 0, 0, 4.06%, 5, 3, 2, 12.78, 20840, 2661, 143, 0
2876, 159, 4, 8, 0, 0, 4.06%, 5, 3, 2, 11.89, 20900, 2661, 145, 0
2881, 160, 6, 8, 0, 0, 4.06%, 5, 3, 2, 13.32, 20970, 2661, 147, 0
2886, 160, 5, 8, 0, 0, 4.06%, 5, 3, 2, 12.60, 21033, 2661, 148, 0
2891, 161, 5, 8, 0, 0, 4.06%, 5, 3, 2, 12.67, 21095, 2661, 149, 0
2896, 161, 4, 8, 0, 0, 4.06%, 5, 3, 2, 12.78, 21160, 2661, 150, 0
2902, 162, 1, 8, 0, 0, 4.06%, 5, 3, 2, 12.58, 21222, 2661, 151, 0
2908, 162, 6, 8, 0, 0, 4.06%, 5, 3, 2, 0.19, 21238, 2661, 151, 0
2913, 162, 6, 8, 0, 0, 4.06%, 5, 3, 2, 0.38, 21243, 2661, 151, 0
2918, 162, 1, 8, 0, 0, 4.06%, 5, 3, 2, 13.47, 21310, 2661, 151, 0
2923, 163, 0, 8, 0, 0, 4.06%, 5, 3, 2, 12.38, 21369, 2661, 153, 0
2932, 163, 6, 8, 0, 0, 4.06%, 5, 3, 2, 0.19, 21411, 2661, 154, 0
2937, 164, 4, 8, 0, 0, 4.06%, 5, 3, 2, 12.38, 21462, 2661, 155, 0
2942, 164, 6, 8, 0, 0, 4.06%, 5, 3, 2, 12.65, 21528, 2661, 155, 0
2947, 165, 5, 8, 0, 0, 4.06%, 5, 3, 2, 11.74, 21585, 2661, 156, 0
2957, 165, 6, 8, 0, 0, 4.06%, 5, 3, 2, 0.57, 21640, 2661, 156, 0
2967, 166, 6, 8, 0, 0, 4.06%, 5, 3, 2, 0.57, 21700, 2661, 156, 0
2972, 166, 6, 8, 0, 0, 4.06%, 5, 3, 2, 12.02, 21753, 2661, 156, 0
2977, 167, 4, 8, 0, 0, 4.06%, 5, 3, 2, 12.97, 21819, 2661, 156, 0
2983, 167, 6, 8, 0, 0, 4.06%, 5, 3, 2, 11.81, 21877, 2661, 157, 0
2988, 168, 0, 8, 0, 0, 4.06%, 5, 3, 2, 12.55, 21943, 2661, 157, 0
2993, 168, 4, 8, 0, 0, 4.06%, 5, 3, 2, 12.36, 22005, 2661, 158, 0
2998, 169, 1, 8, 0, 0, 4.06%, 5, 3, 2, 13.48, 22074, 2661, 158, 0
3003, 169, 6, 8, 0, 0, 4.06%, 5, 3, 2, 13.60, 22139, 2661, 158, 0
3008, 170, 0, 8, 0, 0, 4.06%, 5, 3, 2, 12.74, 22199, 2661, 158, 0
3013, 170, 1, 8, 0, 0, 4.06%, 5, 3, 2, 12.19, 22260, 2661, 159, 0
3022, 171, 0, 8, 0, 0, 4.06%, 5, 3, 2, 0.38, 22296, 2661, 160, 0
3027, 171, 1, 8, 0, 0, 4.06%, 5, 3, 2, 12.78, 22362, 2661, 160, 0
3032, 172, 1, 8, 0, 0, 4.06%, 5, 3, 2, 12.72, 22428, 2661, 160, 0
3039, 172, 6, 8, 0, 0, 4.06%, 5, 3, 2, 0.19, 22447, 2661, 160, 0
3044, 172, 6, 8, 0, 0, 4.06%, 5, 3, 2, 12.46, 22507, 2661, 161, 0
3050, 173, 6, 8, 0, 0, 4.06%, 5, 3, 2, 0.19, 22521, 2661, 161, 0
3060, 173, 7, 8, 0, 0, 4.06%, 5, 3, 2, 0.38, 22586, 2661, 161, 0
3065, 174, 7, 8, 0, 0, 4.06%, 5, 3, 2, 12.77, 22652, 2661, 161, 0
3071, 174, 0, 8, 0, 0, 4.06%, 5, 3, 2, 0.20, 22665, 2661, 161, 0
3076, 174, 0, 8, 0, 0, 4.06%, 5, 3, 2, 0.22, 22668, 2661, 161, 0
3082, 174, 6, 8, 0, 0, 4.06%, 5, 3, 2, 11.55, 22720, 2661, 162, 0
3092, 175, 6, 8, 0, 0, 4.06%, 5, 3, 2, 0.20, 22784, 2661, 162, 0
3098, 175, 6, 8, 0, 0, 4.06%, 5, 3, 2, 0.19, 22799, 2661, 162, 0
3103, 175, 6, 8, 0, 0, 4.06%, 5, 3, 2, 12.37, 22860, 2661, 163, 0
3110, 176, 0, 8, 0, 0, 4.06%, 5, 3, 2, 0.19, 22882, 2661, 163, 0
3116, 176, 4, 8, 0, 0, 4.06%, 5, 3, 2, 0.19, 22891, 2661, 163, 0
3121, 176, 6, 8, 0, 0, 4.06%, 5, 3, 2, 10.95, 22954, 2661, 164, 0
3128, 176, 6, 8, 0, 0, 4.06%, 5, 3, 2, 0.57, 22969, 2661, 164, 0
3133, 177, 6, 8, 0, 0, 4.06%, 5, 3, 2, 12.29, 23029, 2661, 165, 0
3138, 177, 4, 8, 0, 0, 4.06%, 5, 3, 2, 12.38, 23092, 2661, 165, 0
3143, 178, 6, 8, 0, 0, 4.06%, 5, 3, 2, 13.66, 23155, 2661, 166, 0
3149, 178, 6, 8, 0, 0, 4.06%, 5, 3, 2, 0.19, 23169, 2661, 166, 0
3154, 178, 6, 8, 0, 0, 4.06%, 5, 3, 2, 12.25, 23231, 2661, 167, 0
3159, 179, 0, 8, 0, 0, 4.06%, 5, 3, 2, 12.66, 23259, 2661, 167, 0
3164, 179, 4, 8, 0, 0, 4.06%, 5, 3, 2, 12.73, 23325, 2661, 167, 0
3169, 180, 7, 8, 0, 0, 4.06%, 5, 3, 2, 12.61, 23390, 2661, 167, 0
3175, 180, 6, 8, 0, 0, 4.06%, 5, 3, 2, 12.71, 23456, 2661, 167, 0
3183, 181, 6, 8, 0, 0, 4.06%, 5, 3, 2, 0.38, 23498, 2661, 168, 0
3189, 181, 6, 8, 0, 0, 4.06%, 5, 3, 2, 0.62, 23527, 2661, 168, 0
3197, 181, 6, 8, 0, 0, 4.06%, 5, 3, 2, 0.38, 23571, 2661, 168, 0
3202, 181, 6, 8, 0, 0, 4.06%, 5, 3, 2, 0.40, 23574, 2661, 168, 0
3208, 182, 5, 8, 0, 0, 4.06%, 5, 3, 2, 12.22, 23623, 2661, 169, 0
3214, 182, 6, 8, 0, 0, 4.06%, 5, 3, 2, 0.19, 23642, 2661, 169, 0
3220, 182, 4, 8, 0, 0, 4.06%, 5, 3, 2, 12.22, 23707, 2661, 169, 0
3225, 183, 7, 8, 0, 0, 4.06%, 5, 3, 2, 12.64, 23773, 2661, 169, 0
3230, 183, 7, 8, 0, 0, 4.06%, 5, 3, 2, 12.04, 23828, 2661, 172, 0
3236, 184, 6, 8, 0, 0, 4.06%, 5, 3, 2, 0.20, 23844, 2661, 172, 0
3241, 184, 6, 8, 0, 0, 4.06%, 5, 3, 2, 13.25, 23910, 2661, 172, 0
3246, 185, 4, 8, 0, 0, 4.06%, 5, 3, 2, 12.53, 23967, 2661, 172, 0
3251, 185, 6, 8, 0, 0, 4.06%, 5, 3, 2, 12.47, 24029, 2661, 173, 0
3257, 186, 4, 8, 0, 0, 4.06%, 5, 3, 2, 12.65, 24095, 2661, 173, 0
3262, 186, 6, 8, 0, 0, 4.06%, 5, 3, 2, 12.24, 24151, 2661, 174, 0
3271, 187, 7, 8, 0, 0, 4.06%, 5, 3, 2, 0.19, 24199, 2661, 174, 0
3276, 187, 6, 8, 0, 0, 4.06%, 5, 3, 2, 12.92, 24258, 2661, 175, 0
3281, 188, 5, 8, 0, 0, 4.06%, 5, 3, 2, 12.33, 24321, 2661, 178, 0
3288, 188, 0, 8, 0, 0, 4.06%, 5, 3, 2, 0.19, 24343, 2661, 178, 0
3293, 188, 1, 8, 0, 0, 4.06%, 5, 3, 2, 12.39, 24394, 2661, 180, 0
3298, 189, 6, 8, 0, 0, 4.06%, 5, 3, 2, 12.68, 24460, 2661, 180, 0
3308, 189, 0, 8, 0, 0, 4.06%, 5, 3, 2, 0.57, 24512, 2661, 180, 0
3313, 190, 7, 8, 0, 0, 4.06%, 5, 3, 2, 12.38, 24570, 2661, 182, 0
3319, 190, 6, 8, 0, 0, 4.06%, 5, 3, 2, 0.38, 24579, 2661, 183, 0
3326, 190, 6, 8, 0, 0, 4.06%, 5, 3, 2, 0.38, 24605, 2661, 183, 0
3334, 190, 7, 8, 0, 0, 4.06%, 5, 3, 2, 0.57, 24641, 2661, 183, 0
3341, 190, 4, 8, 0, 0, 4.06%, 5, 3, 2, 0.19, 24663, 2661, 183, 0
3347, 191, 6, 8, 0, 0, 4.06%, 5, 3, 2, 0.91, 24706, 2661, 184, 0
3352, 191, 6, 8, 0, 0, 4.06%, 5, 3, 2, 12.82, 24772, 2661, 184, 0
3357, 192, 1, 8, 0, 0, 4.06%, 5, 3, 2, 12.61, 24831, 2661, 184, 0
3367, 192, 0, 8, 0, 0, 4.06%, 5, 3, 2, 0.38, 24884, 2661, 184, 0
3374, 192, 4, 8, 0, 0, 4.06%, 5, 3, 2, 0.19, 24912, 2661, 184, 0
3379, 193, 6, 8, 0, 0, 4.06%, 5, 3, 2, 12.37, 24974, 2661, 184, 0
3385, 193, 6, 8, 0, 0, 4.06%, 5, 3, 2, 14.99, 25001, 2661, 185, 0
3394, 194, 6, 8, 0, 0, 4.06%, 5, 3, 2, 0.38, 25056, 2661, 186, 0
3402, 194, 6, 8, 0, 0, 4.06%, 5, 3, 2, 0.38, 25098, 2661, 187, 0
3407, 195, 0, 8, 0, 0, 4.06%, 5, 3, 2, 12.29, 25161, 2661, 188, 0
3413, 195, 6, 8, 0, 0, 4.06%, 5, 3, 2, 13.19, 25229, 2661, 189, 0
3418, 196, 5, 8, 0, 0, 4.06%, 5, 3, 2, 13.52, 25302, 2661, 189, 0
3423, 196, 2, 8, 0, 0, 4.06%, 5, 3, 2, 13.61, 25371, 2661, 189, 0
3428, 197, 6, 8, 0, 0, 4.06%, 5, 3, 2, 13.66, 25441, 2661, 190, 0
3436, 197, 6, 8, 0, 0, 4.06%, 5, 3, 2, 0.57, 25471, 2661, 190, 0
3443, 197, 6, 8, 0, 0, 4.06%, 5, 3, 2, 0.38, 25503, 2661, 190, 0
3448, 198, 1, 8, 0, 0, 4.06%, 5, 3, 2, 12.28, 25562, 2661, 192, 0
3454, 198, 6, 8, 0, 0, 4.06%, 5, 3, 2, 12.55, 25628, 2661, 192, 0
3459, 199, 6, 8, 0, 0, 4.06%, 5, 3, 2, 0.67, 25657, 2661, 192, 0
3468, 199, 6, 8, 0, 0, 4.06%, 5, 3, 2, 0.38, 25703, 2661, 194, 0
3478, 199, 6, 8, 0, 0, 4.06%, 5, 3, 2, 0.19, 25754, 2661, 195, 0
3483, 200, 0, 8, 0, 0, 4.06%, 5, 3, 2, 12.40, 25815, 2661, 196, 0
3488, 201, 6, 8, 0, 0, 4.06%, 5, 3, 2, 12.69, 25881, 2661, 196, 0
3493, 201, 6, 8, 0, 0, 4.06%, 5, 3, 2, 13.02, 25948, 2661, 196, 0
3498, 202, 6, 8, 0, 0, 4.06%, 5, 3, 2, 14.02, 26019, 2661, 196, 0
3503, 202, 6, 8, 0, 0, 4.06%, 5, 3, 2, 13.06, 26082, 2661, 197, 0
3508, 203, 6, 8, 0, 0, 4.06%, 5, 3, 2, 12.79, 26148, 2661, 197, 0
3517, 203, 6, 8, 0, 0, 4.06%, 5, 3, 2, 0.57, 26196, 2661, 197, 0
3523, 203, 6, 8, 0, 0, 4.06%, 5, 3, 2, 0.57, 26205, 2661, 197, 0
3530, 204, 4, 8, 0, 0, 4.06%, 5, 3, 2, 0.19, 26239, 2661, 197, 0
3536, 204, 2, 8, 0, 0, 4.06%, 5, 3, 2, 9.60, 26281, 2661, 198, 0
3543, 204, 5, 8, 0, 0, 4.06%, 5, 3, 2, 0.57, 26311, 2661, 198, 0
3549, 204, 6, 8, 0, 0, 4.06%, 5, 3, 2, 0.57, 26323, 2661, 198, 0
3554, 205, 6, 8, 0, 0, 4.06%, 5, 3, 2, 12.98, 26383, 2661, 198, 0
3559, 205, 6, 8, 0, 0, 4.06%, 5, 3, 2, 12.78, 26449, 2661, 198, 0
3566, 206, 6, 8, 0, 0, 4.06%, 5, 3, 2, 1.29, 26502, 2661, 200, 0
3571, 206, 4, 8, 0, 0, 4.06%, 5, 3, 2, 11.88, 26561, 2661, 202, 0
3576, 206, 6, 8, 0, 0, 4.06%, 5, 3, 2, 0.38, 26566, 2661, 202, 0
3581, 207, 5, 8, 0, 0, 4.06%, 5, 3, 2, 14.35, 26640, 2661, 202, 0
3590, 207, 0, 8, 0, 0, 4.06%, 5, 3, 2, 0.20, 26653, 2661, 202, 0
3597, 207, 6, 8, 0, 0, 4.06%, 5, 3, 2, 0.19, 26684, 2661, 202, 0
3602, 208, 0, 8, 0, 0, 4.06%, 5, 3, 2, 13.43, 26751, 2661, 202, 0
3607, 208, 6, 8, 0, 0, 4.06%, 5, 3, 2, 13.93, 26826, 2661, 202, 0
3612, 209, 1, 8, 0, 0, 4.06%, 5, 3, 2, 13.01, 26892, 2661, 202, 0
3617, 209, 5, 8, 0, 0, 4.06%, 5, 3, 2, 12.91, 26948, 2661, 202, 0
3623, 210, 5, 8, 0, 0, 4.06%, 5, 3, 2, 12.76, 26989, 2661, 202, 0
3630, 210, 0, 8, 0, 0, 4.06%, 5, 3, 2, 0.38, 27010, 2661, 203, 0
3636, 210, 7, 8, 0, 0, 4.06%, 5, 3, 2, 0.57, 27031, 2661, 203, 0
3644, 210, 7, 8, 0, 0, 4.06%, 5, 3, 2, 0.57, 27066, 2661, 204, 0
3650, 210, 6, 8, 0, 0, 4.06%, 5, 3, 2, 0.57, 27078, 2661, 204, 0
3655, 211, 6, 8, 0, 0, 4.06%, 5, 3, 2, 11.92, 27138, 2661, 205, 0
3660, 211, 6, 8, 0, 0, 4.06%, 5, 3, 2, 12.79, 27181, 2661, 205, 0
3667, 212, 6, 8, 0, 0, 4.06%, 5, 3, 2, 0.38, 27204, 2661, 205, 0
3672, 212, 0, 8, 0, 0, 4.06%, 5, 3, 2, 12.67, 27268, 2661, 205, 0
3677, 213, 6, 8, 0, 0, 4.06%, 5, 3, 2, 12.36, 27324, 2661, 206, 0
3682, 213, 1, 8, 0, 0, 4.06%, 5, 3, 2, 12.29, 27385, 2661, 207, 0
3689, 213, 6, 8, 0, 0, 4.06%, 5, 3, 2, 0.38, 27398, 2661, 207, 0
3694, 214, 6, 8, 0, 0, 4.06%, 5, 3, 2, 12.48, 27457, 2661, 208, 0
3703, 214, 5, 8, 0, 0, 4.06%, 5, 3, 2, 0.19, 27503, 2661, 208, 0
3708, 215, 6, 8, 0, 0, 4.06%, 5, 3, 2, 13.10, 27571, 2661, 208, 0
3718, 215, 6, 8, 0, 0, 4.06%, 5, 3, 2, 0.38, 27633, 2661, 208, 0
3727, 215, 7, 8, 0, 0, 4.06%, 5, 3, 2, 0.20, 27676, 2661, 208, 0
3732, 216, 7, 8, 0, 0, 4.06%, 5, 3, 2, 14.53, 27751, 2661, 208, 0
3740, 216, 6, 8, 0, 0, 4.06%, 5, 3, 2, 0.20, 27782, 2661, 208, 0
3749, 217, 6, 8, 0, 0, 4.06%, 5, 3, 2, 0.57, 27836, 2661, 208, 0
3757, 217, 4, 8, 0, 0, 4.06%, 5, 3, 2, 0.38, 27880, 2661, 208, 0
3763, 218, 0, 8, 0, 0, 4.06%, 5, 3, 2, 1.10, 27938, 2661, 208, 0
3769, 218, 0, 8, 0, 0, 4.06%, 5, 3, 2, 0.57, 27956, 2661, 208, 0
3776, 218, 0, 8, 0, 0, 4.06%, 5, 3, 2, 0.57, 27981, 2661, 208, 0
3782, 218, 0, 8, 0, 0, 4.06%, 5, 3, 2, 0.57, 27990, 2661, 208, 0
3787, 219, 7, 8, 0, 0, 4.06%, 5, 3, 2, 12.71, 28056, 2661, 208, 0
3793, 219, 0, 8, 0, 0, 4.06%, 5, 3, 2, 0.20, 28067, 2661, 209, 0
3801, 219, 6, 8, 0, 0, 4.06%, 5, 3, 2, 0.39, 28104, 2661, 209, 0
3806, 220, 5, 8, 0, 0, 4.06%, 5, 3, 2, 14.20, 28178, 2661, 209, 0
3811, 220, 1, 8, 0, 0, 4.06%, 5, 3, 2, 13.16, 28244, 2661, 209, 0
3818, 220, 4, 8, 0, 0, 4.06%, 5, 3, 2, 0.57, 28265, 2661, 209, 0
3823, 221, 1, 8, 0, 0, 4.06%, 5, 3, 2, 13.16, 28332, 2661, 209, 0
3828, 221, 5, 8, 0, 0, 4.06%, 5, 3, 2, 12.93, 28398, 2661, 209, 0
3836, 222, 4, 8, 0, 0, 4.06%, 5, 3, 2, 0.38, 28434, 2661, 209, 0
3842, 222, 6, 8, 0, 0, 4.06%, 5, 3, 2, 0.40, 28437, 2661, 209, 0
3847, 222, 6, 8, 0, 0, 4.06%, 5, 3, 2, 0.19, 28441, 2661, 209, 0
3857, 222, 6, 8, 0, 0, 4.06%, 5, 3, 2, 0.19, 28489, 2661, 210, 0
3862, 223, 1, 8, 0, 0, 4.06%, 5, 3, 2, 11.78, 28546, 2661, 211, 0
3867, 223, 1, 8, 0, 0, 4.06%, 5, 3, 2, 12.13, 28608, 2661, 212, 0
3872, 224, 1, 8, 0, 0, 4.06%, 5, 3, 2, 13.02, 28677, 2661, 212, 0
3877, 224, 6, 8, 0, 0, 4.06%, 5, 3, 2, 12.46, 28738, 2661, 213, 0
3883, 225, 1, 8, 0, 0, 4.06%, 5, 3, 2, 11.43, 28787, 2661, 215, 0
3889, 225, 6, 8, 0, 0, 4.06%, 5, 3, 2, 1.73, 28853, 2661, 215, 0
3894, 226, 1, 8, 0, 0, 4.06%, 5, 3, 2, 12.60, 28919, 2661, 215, 0
3899, 226, 6, 8, 0, 0, 4.06%, 5, 3, 2, 12.80, 28985, 2661, 215, 0
3909, 227, 6, 8, 0, 0, 4.06%, 5, 3, 2, 0.57, 29045, 2661, 215, 0
3914, 227, 0, 8, 0, 0, 4.06%, 5, 3, 2, 12.52, 29103, 2661, 215, 0
3919, 227, 6, 8, 0, 0, 4.06%, 5, 3, 2, 12.77, 29118, 2661, 215, 0
3928, 228, 6, 8, 0, 0, 4.06%, 5, 3, 2, 0.57, 29154, 2661, 215, 0
3936, 228, 6, 8, 0, 0, 4.06%, 5, 3, 2, 0.29, 29211, 2661, 216, 0
3941, 229, 7, 8, 0, 0, 4.06%, 5, 3, 2, 0.57, 29240, 2661, 216, 0
3946, 229, 0, 8, 0, 0, 4.06%, 5, 3, 2, 12.89, 29301, 2661, 216, 0
3951, 230, 2, 8, 0, 0, 4.06%, 5, 3, 2, 12.78, 29367, 2661, 216, 0
3957, 230, 6, 8, 0, 0, 4.06%, 5, 3, 2, 12.45, 29429, 2661, 217, 0
3962, 231, 7, 8, 0, 0, 4.06%, 5, 3, 2, 12.81, 29493, 2661, 217, 0
3967, 231, 7, 8, 0, 0, 4.06%, 5, 3, 2, 0.57, 29500, 2661, 217, 0
3973, 231, 0, 8, 0, 0, 4.06%, 6, 3, 2, 11.67, 29561, 2661, 218, 0
3978, 232, 6, 8, 0, 0, 4.06%, 6, 3, 2, 12.54, 29627, 2661, 218, 0
3983, 232, 6, 8, 0, 0, 4.06%, 6, 3, 2, 14.16, 29702, 2661, 218, 0
3989, 233, 6, 8, 0, 0, 4.06%, 6, 3, 2, 12.78, 29758, 2661, 218, 0
3994, 233, 7, 8, 0, 0, 4.06%, 6, 3, 2, 12.32, 29819, 2661, 219, 0
3999, 234, 6, 8, 0, 0, 4.06%, 6, 3, 2, 12.55, 29885, 2661, 219, 0
4004, 234, 7, 8, 0, 0, 4.06%, 6, 3, 2, 0.57, 29891, 2661, 219, 0
4010, 234, 4, 8, 0, 0, 4.06%, 6, 3, 2, 0.19, 29901, 2661, 219, 0
4015, 235, 6, 8, 0, 0, 4.06%, 6, 3, 2, 13.12, 29964, 2661, 219, 0
4021, 235, 6, 8, 0, 0, 4.06%, 6, 3, 2, 12.69, 30029, 2661, 219, 0
4026, 236, 6, 8, 0, 0, 4.06%, 6, 3, 2, 12.31, 30091, 2661, 220, 0
4031, 236, 6, 8, 0, 0, 4.06%, 6, 3, 2, 12.49, 30149, 2661, 221, 0
4036, 237, 2, 8, 0, 0, 4.06%, 6, 3, 2, 12.59, 30212, 2661, 221, 0
4041, 237, 6, 8, 0, 0, 4.06%, 6, 3, 2, 12.79, 30278, 2661, 221, 0
4047, 237, 6, 8, 0, 0, 4.06%, 6, 3, 2, 0.39, 30292, 2661, 221, 0
4052, 238, 0, 8, 0, 0, 4.06%, 6, 3, 2, 13.27, 30359, 2661, 221, 0
4057, 238, 6, 8, 0, 0, 4.06%, 6, 3, 2, 12.90, 30425, 2661, 221, 0
4063, 239, 0, 8, 0, 0, 4.06%, 6, 3, 2, 12.86, 30491, 2661, 221, 0
4068, 239, 6, 8, 0, 0, 4.06%, 6, 3, 2, 12.34, 30551, 2661, 223, 0
4073, 240, 4, 8, 0, 0, 4.06%, 6, 3, 2, 12.23, 30617, 2661, 224, 0
4082, 240, 6, 8, 0, 0, 4.06%, 6, 3, 2, 0.20, 30653, 2661, 224, 0
4087, 241, 0, 8, 0, 0, 4.06%, 6, 3, 2, 13.45, 30695, 2661, 224, 0
4092, 241, 7, 8, 0, 0, 4.06%, 6, 3, 2, 12.78, 30752, 2661, 224, 0
4097, 241, 6, 8, 0, 0, 4.06%, 6, 3, 2, 12.73, 30794, 2661, 224, 0
4102, 242, 6, 8, 0, 0, 4.06%, 6, 3, 2, 13.24, 30863, 2661, 224, 0
4107, 243, 5, 8, 0, 0, 4.06%, 6, 3, 2, 12.81, 30929, 2661, 224, 0
4112, 243, 6, 8, 0, 0, 4.06%, 6, 3, 2, 12.83, 30995, 2661, 224, 0
4121, 243, 6, 8, 0, 0, 4.06%, 6, 3, 2, 0.57, 31037, 2661, 224, 0
4129, 244, 0, 8, 0, 0, 4.06%, 6, 3, 2, 0.38, 31073, 2661, 224, 0
4134, 244, 6, 8, 0, 0, 4.06%, 6, 3, 2, 12.54, 31136, 2661, 225, 0
4139, 245, 7, 8, 0, 0, 4.06%, 6, 3, 2, 12.50, 31198, 2661, 226, 0
4144, 245, 7, 8, 0, 0, 4.06%, 6, 3, 2, 0.38, 31200, 2661, 226, 0
4152, 245, 6, 8, 0, 0, 4.06%, 6, 3, 2, 0.57, 31236, 2661, 227, 0
4157, 246, 2, 8, 0, 0, 4.06%, 6, 3, 2, 12.52, 31291, 2661, 228, 0
4163, 246, 5, 8, 0, 0, 4.06%, 6, 3, 2, 12.37, 31350, 2661, 228, 0
4168, 247, 1, 8, 0, 0, 4.06%, 6, 3, 2, 12.85, 31405, 2661, 228, 0
4173, 247, 6, 8, 0, 0, 4.06%, 6, 3, 2, 11.91, 31464, 2661, 228, 0
4178, 248, 6, 8, 0, 0, 4.06%, 6, 3, 2, 12.42, 31527, 2661, 229, 0
4183, 248, 6, 8, 0, 0, 4.06%, 6, 3, 2, 12.68, 31593, 2661, 229, 0
4188, 249, 5, 8, 0, 0, 4.06%, 6, 3, 2, 12.17, 31655, 2661, 230, 0
4196, 249, 4, 8, 0, 0, 4.06%, 6, 3, 2, 0.19, 31681, 2661, 232, 0
4206, 249, 0, 8, 0, 0, 4.06%, 6, 3, 2, 0.57, 31731, 2661, 232, 0
4213, 250, 6, 8, 0, 0, 4.06%, 6, 3, 2, 0.57, 31761, 2661, 232, 0
4218, 250, 2, 8, 0, 0, 4.06%, 6, 3, 2, 12.98, 31827, 2661, 232, 0
4224, 251, 4, 8, 0, 0, 4.06%, 6, 3, 2, 12.79, 31893, 2661, 232, 0
4233, 251, 6, 8, 0, 0, 4.06%, 6, 3, 2, 0.19, 31945, 2661, 232, 0
4238, 251, 6, 8, 0, 0, 4.06%, 6, 3, 2, 11.83, 31992, 2661, 232, 0
4243, 252, 6, 8, 0, 0, 4.06%, 6, 3, 2, 12.06, 32049, 2661, 232, 0
4248, 252, 6, 8, 0, 0, 4.06%, 6, 3, 2, 12.73, 32110, 2661, 232, 0
4253, 253, 7, 8, 0, 0, 4.06%, 6, 3, 2, 12.33, 32170, 2661, 232, 0
4261, 253, 5, 8, 0, 0, 4.06%, 6, 3, 2, 0.19, 32199, 2661, 232, 0
4266, 254, 6, 8, 0, 0, 4.06%, 6, 3, 2, 12.69, 32262, 2661, 233, 0
4271, 254, 1, 8, 0, 0, 4.06%, 6, 3, 2, 12.80, 32328, 2661, 233, 0
4277, 255, 0, 8, 0, 0, 4.06%, 6, 3, 2, 12.49, 32391, 2661, 234, 0
4285, 255, 6, 8, 0, 0, 4.06%, 6, 3, 2, 0.74, 32447, 2661, 235, 0
4291, 256, 6, 8, 0, 0, 4.06%, 6, 3, 2, 12.52, 32509, 2661, 236, 0
4296, 256, 6, 8, 0, 0, 4.06%, 6, 3, 2, 12.52, 32568, 2661, 236, 0
4303, 256, 6, 8, 0, 0, 4.06%, 6, 3, 2, 0.32, 32598, 2661, 236, 0
4308, 257, 6, 8, 0, 0, 4.06%, 6, 3, 2, 12.85, 32664, 2661, 236, 0
4313, 258, 6, 8, 0, 0, 4.06%, 6, 3, 2, 12.89, 32730, 2661, 236, 0
4318, 258, 4, 8, 0, 0, 4.06%, 6, 3, 2, 13.09, 32793, 2661, 238, 0
4326, 258, 0, 8, 0, 0, 4.06%, 6, 3, 2, 0.19, 32815, 2661, 239, 0
4331, 259, 6, 8, 0, 0, 4.06%, 6, 3, 2, 12.47, 32877, 2661, 239, 0
4336, 259, 6, 8, 0, 0, 4.06%, 6, 3, 2, 0.40, 32911, 2661, 239, 0
4341, 260, 7, 8, 0, 0, 4.06%, 6, 3, 2, 13.36, 32977, 2661, 240, 0
4346, 260, 7, 8, 0, 0, 4.06%, 6, 3, 2, 13.60, 33047, 2661, 241, 0
4351, 260, 7, 8, 0, 0, 4.06%, 6, 3, 2, 0.38, 33049, 2661, 241, 0
4356, 261, 4, 8, 0, 0, 4.06%, 6, 3, 2, 12.81, 33115, 2661, 241, 0
4366, 261, 6, 8, 0, 0, 4.06%, 6, 3, 2, 0.19, 33166, 2661, 241, 0
4371, 262, 6, 8, 0, 0, 4.06%, 6, 3, 2, 11.69, 33218, 2661, 242, 0
4377, 262, 2, 8, 0, 0, 4.06%, 6, 3, 2, 12.50, 33284, 2661, 242, 0
4383, 262, 4, 8, 0, 0, 4.06%, 6, 3, 2, 0.38, 33298, 2661, 243, 0
4388, 263, 7, 8, 0, 0, 4.06%, 6, 3, 2, 12.40, 33360, 2661, 243, 0
4393, 263, 4, 8, 0, 0, 4.06%, 6, 3, 2, 12.40, 33417, 2661, 243, 0
4398, 264, 0, 8, 0, 0, 4.06%, 6, 3, 2, 12.73, 33483, 2661, 243, 0
4404, 264, 1, 8, 0, 0, 4.06%, 6, 3, 2, 12.70, 33549, 2661, 243, 0
4413, 265, 5, 8, 0, 0, 4.06%, 6, 3, 2, 0.57, 33609, 2661, 243, 0
4422, 265, 6, 8, 0, 0, 4.06%, 6, 3, 2, 0.57, 33660, 2661, 243, 0
4432, 266, 6, 8, 0, 0, 4.06%, 6, 3, 2, 0.38, 33717, 2661, 244, 0
4440, 266, 5, 8, 0, 0, 4.06%, 6, 3, 2, 0.19, 33757, 2661, 244, 0
4445, 267, 0, 8, 0, 0, 4.06%, 6, 3, 2, 12.83, 33823, 2661, 244, 0
4453, 267, 6, 8, 0, 0, 4.06%, 6, 3, 2, 0.19, 33854, 2661, 244, 0
4458, 267, 1, 8, 0, 0, 4.06%, 6, 3, 2, 12.64, 33917, 2661, 245, 0
4463, 268, 1, 8, 0, 0, 4.06%, 6, 3, 2, 12.14, 33977, 2661, 246, 0
4469, 268, 6, 8, 0, 0, 4.06%, 6, 3, 2, 1.45, 34022, 2661, 246, 0
4476, 269, 0, 8, 0, 0, 4.06%, 6, 3, 2, 0.38, 34054, 2661, 246, 0
4486, 269, 0, 8, 0, 0, 4.06%, 6, 3, 2, 0.38, 34116, 2661, 246, 0
4491, 270, 6, 8, 0, 0, 4.06%, 6, 3, 2, 13.85, 34188, 2661, 246, 0
4499, 270, 6, 8, 0, 0, 4.06%, 6, 3, 2, 0.36, 34256, 2661, 247, 0
4504, 271, 4, 8, 0, 0, 4.06%, 6, 3, 2, 12.89, 34317, 2661, 247, 0
4511, 271, 6, 8, 0, 0, 4.06%, 6, 3, 2, 0.57, 34344, 2661, 247, 0
4516, 271, 6, 8, 0, 0, 4.06%, 6, 3, 2, 12.88, 34387, 2661, 247, 0
4524, 272, 6, 8, 0, 0, 4.06%, 6, 3, 2, 0.22, 34430, 2661, 247, 0
4530, 272, 0, 8, 0, 0, 4.06%, 6, 3, 2, 0.57, 34448, 2661, 247, 0
4535, 272, 6, 8, 0, 0, 4.06%, 6, 3, 2, 12.94, 34514, 2661, 247, 0
4541, 273, 0, 8, 0, 0, 4.06%, 6, 3, 2, 0.19, 34524, 2661, 247, 0
4548, 273, 0, 8, 0, 0, 4.06%, 6, 3, 2, 0.36, 34580, 2661, 248, 0
4553, 274, 6, 8, 0, 0, 4.06%, 6, 3, 2, 13.14, 34642, 2661, 249, 0
4558, 274, 1, 8, 0, 0, 4.06%, 6, 3, 2, 12.80, 34708, 2661, 249, 0
4564, 275, 6, 8, 0, 0, 4.06%, 6, 3, 2, 2.43, 34766, 2661, 250, 0
4569, 275, 6, 8, 0, 0, 4.06%, 6, 3, 2, 13.88, 34832, 2661, 251, 0
4577, 275, 6, 8, 0, 0, 4.06%, 6, 3, 2, 0.38, 34873, 2661, 251, 0
4582, 276, 1, 8, 0, 0, 4.06%, 6, 3, 2, 11.90, 34925, 2661, 252, 0
4587, 276, 6, 8, 0, 0, 4.06%, 6, 3, 2, 10.73, 34971, 2661, 256, 0
4592, 277, 6, 8, 0, 0, 4.06%, 6, 3, 2, 14.94, 35028, 2661, 256, 0
4601, 277, 0, 8, 0, 0, 4.06%, 6, 3, 2, 0.19, 35075, 2661, 256, 0
4606, 278, 1, 8, 0, 0, 4.06%, 6, 3, 2, 12.84, 35141, 2661, 256, 0
4611, 278, 6, 8, 0, 0, 4.06%, 6, 3, 2, 12.00, 35200, 2661, 258, 0
4619, 278, 0, 8, 0, 0, 4.06%, 6, 3, 2, 0.19, 35237, 2661, 258, 0
4624, 279, 6, 8, 0, 0, 4.06%, 6, 3, 2, 10.33, 35296, 2661, 260, 0
4629, 279, 6, 8, 0, 0, 4.06%, 6, 3, 2, 0.53, 35342, 2661, 260, 0
4635, 280, 6, 8, 0, 0, 4.06%, 6, 3, 2, 12.76, 35408, 2661, 260, 0
4640, 280, 6, 8, 0, 0, 4.06%, 6, 3, 2, 11.53, 35463, 2661, 262, 0
4646, 280, 6, 8, 0, 0, 4.06%, 6, 3, 2, 0.19, 35470, 2661, 262, 0
4653, 281, 0, 8, 0, 0, 4.06%, 6, 3, 2, 0.38, 35499, 2661, 263, 0
4663, 281, 6, 8, 0, 0, 4.06%, 6, 3, 2, 0.38, 35554, 2661, 263, 0
4668, 282, 1, 8, 0, 0, 4.06%, 6, 3, 2, 12.71, 35620, 2661, 263, 0
4673, 282, 0, 8, 0, 0, 4.06%, 6, 3, 2, 0.57, 35623, 2661, 263, 0
4678, 282, 5, 8, 0, 0, 4.06%, 6, 3, 2, 12.30, 35682, 2661, 264, 0
4683, 283, 2, 8, 0, 0, 4.06%, 6, 3, 2, 12.98, 35748, 2661, 265, 0
4689, 283, 6, 8, 0, 0, 4.06%, 6, 3, 2, 14.24, 35823, 2661, 265, 0
4694, 284, 7, 8, 0, 0, 4.06%, 6, 3, 2, 13.01, 35885, 2661, 266, 0
4699, 284, 0, 8, 0, 0, 4.06%, 6, 3, 2, 0.57, 35891, 2661, 266, 0
4706, 284, 0, 8, 0, 0, 4.06%, 6, 3, 2, 0.19, 35916, 2661, 267, 0
4712, 285, 1, 8, 0, 0, 4.06%, 6, 3, 2, 12.73, 35982, 2661, 267, 0
4717, 285, 6, 8, 0, 0, 4.06%, 6, 3, 2, 12.53, 36045, 2661, 268, 0
4722, 285, 4, 8, 0, 0, 4.06%, 6, 3, 2, 12.72, 36076, 2661, 268, 0
4727, 286, 4, 8, 0, 0, 4.06%, 6, 3, 2, 12.72, 36142, 2661, 268, 0
4732, 287, 6, 8, 0, 0, 4.06%, 6, 3, 2, 13.07, 36208, 2661, 268, 0
4738, 287, 6, 8, 0, 0, 4.06%, 6, 3, 2, 2.39, 36280, 2661, 268, 0
4743, 288, 6, 8, 0, 0, 4.06%, 6, 3, 2, 14.20, 36353, 2661, 268, 0
4748, 288, 6, 8, 0, 0, 4.06%, 6, 3, 2, 0.19, 36360, 2661, 268, 0
4757, 288, 7, 8, 0, 0, 4.06%, 6, 3, 2, 0.19, 36412, 2661, 268, 0
4762, 289, 6, 8, 0, 0, 4.06%, 6, 3, 2, 12.22, 36473, 2661, 269, 0
4769, 289, 6, 8, 0, 0, 4.06%, 6, 3, 2, 0.57, 36508, 2661, 269, 0
4774, 290, 5, 8, 0, 0, 4.06%, 6, 3, 2, 12.20, 36567, 2661, 271, 0
4780, 290, 6, 8, 0, 0, 4.06%, 6, 3, 2, 0.38, 36578, 2661, 271, 0
4785, 290, 5, 8, 0, 0, 4.06%, 6, 3, 2, 12.30, 36635, 2661, 272, 0
4790, 291, 5, 8, 0, 0, 4.06%, 6, 3, 2, 14.93, 36705, 2661, 272, 0
4795, 291, 5, 8, 0, 0, 4.06%, 6, 3, 2, 0.19, 36709, 2661, 272, 0
4803, 291, 6, 8, 0, 0, 4.06%, 6, 3, 2, 0.38, 36738, 2661, 272, 0
4808, 291, 0, 8, 0, 0, 4.06%, 6, 3, 2, 12.30, 36795, 2661, 272, 0
4813, 292, 0, 8, 0, 0, 4.06%, 6, 3, 2, 0.97, 36819, 2661, 272, 0
4820, 292, 6, 8, 0, 0, 4.06%, 6, 3, 2, 0.57, 36852, 2661, 272, 0
4825, 292, 6, 8, 0, 0, 4.06%, 6, 3, 2, 12.54, 36916, 2661, 273, 0
4831, 293, 6, 8, 0, 0, 4.06%, 6, 3, 2, 0.98, 36961, 2661, 273, 0
4836, 293, 0, 8, 0, 0, 4.06%, 6, 3, 2, 13.36, 37027, 2661, 273, 0
4842, 294, 6, 8, 0, 0, 4.06%, 6, 3, 2, 12.89, 37091, 2661, 273, 0
4847, 294, 4, 8, 0, 0, 4.06%, 6, 3, 2, 13.20, 37156, 2661, 274, 0
4852, 295, 6, 8, 0, 0, 4.06%, 6, 3, 2, 12.33, 37212, 2661, 275, 0
4862, 295, 6, 8, 0, 0, 4.06%, 6, 3, 2, 0.19, 37276, 2661, 275, 0
4867, 296, 6, 8, 0, 0, 4.06%, 6, 3, 2, 12.74, 37334, 2661, 275, 0
4876, 296, 6, 8, 0, 0, 4.06%, 6, 3, 2, 0.38, 37378, 2661, 275, 0
4885, 297, 0, 8, 0, 0, 4.06%, 6, 3, 2, 0.57, 37434, 2661, 275, 0
4891, 297, 6, 8, 0, 0, 4.06%, 6, 3, 2, 13.06, 37500, 2661, 276, 0
4896, 298, 6, 8, 0, 0, 4.06%, 6, 3, 2, 13.33, 37565, 2661, 277, 0
4901, 298, 1, 8, 0, 0, 4.06%, 6, 3, 2, 13.24, 37634, 2661, 277, 0
4906, 299, 6, 8, 0, 0, 4.06%, 6, 3, 2, 12.54, 37696, 2661, 278, 0
4911, 299, 0, 8, 0, 0, 4.06%, 6, 3, 2, 12.55, 37750, 2661, 278, 0
4919, 300, 5, 8, 0, 0, 4.06%, 6, 3, 2, 0.19, 37787, 2661, 279, 0
4928, 300, 6, 8, 0, 0, 4.06%, 6, 3, 2, 0.38, 37831, 2661, 279, 0
4933, 300, 0, 8, 0, 0, 4.06%, 6, 3, 2, 12.14, 37859, 2661, 279, 0
4938, 301, 7, 8, 0, 0, 4.06%, 6, 3, 2, 12.62, 37925, 2661, 279, 0
4943, 301, 6, 8, 0, 0, 4.06%, 6, 3, 2, 12.55, 37982, 2661, 280, 0
4953, 302, 6, 8, 0, 0, 4.06%, 6, 3, 2, 0.19, 38032, 2661, 281, 0
4961, 302, 6, 8, 0, 0, 4.06%, 6, 3, 2, 0.19, 38062, 2661, 281, 0
4967, 303, 6, 8, 0, 0, 4.06%, 6, 3, 2, 1.13, 38124, 2661, 281, 0
4972, 303, 1, 8, 0, 0, 4.06%, 6, 3, 2, 12.74, 38190, 2661, 281, 0
4978, 303, 7, 8, 0, 0, 4.06%, 6, 3, 2, 12.82, 38206, 2661, 281, 0
4987, 304, 6, 8, 0, 0, 4.06%, 6, 3, 2, 0.57, 38257, 2661, 281, 0
4992, 304, 6, 8, 0, 0, 4.06%, 6, 3, 2, 12.74, 38323, 2661, 281, 0
4997, 305, 1, 8, 0, 0, 4.06%, 6, 3, 2, 12.91, 38389, 2661, 281, 0
5006, 305, 0, 8, 0, 0, 4.06%, 6, 3, 2, 0.45, 38451, 2661, 282, 0
5011, 306, 6, 8, 0, 0, 4.06%, 6, 3, 2, 12.71, 38512, 2661, 282, 0
5016, 306, 6, 8, 0, 0, 4.06%, 6, 3, 2, 12.30, 38571, 2661, 284, 0
5022, 307, 1, 8, 0, 0, 4.06%, 6, 3, 2, 12.64, 38637, 2661, 284, 0
5027, 307, 1, 8, 0, 0, 4.06%, 6, 3, 2, 12.78, 38703, 2661, 284, 0
5032, 308, 7, 8, 0, 0, 4.06%, 6, 3, 2, 12.13, 38764, 2661, 285, 0
5037, 308, 6, 8, 0, 0, 4.06%, 6, 3, 2, 11.76, 38816, 2661, 286, 0
5042, 309, 6, 8, 0, 0, 4.06%, 6, 3, 2, 14.10, 38890, 2661, 286, 0
5047, 309, 1, 8, 0, 0, 4.06%, 6, 3, 2, 12.98, 38952, 2661, 287, 0
5052, 310, 6, 8, 0, 0, 4.06%, 6, 3, 2, 12.78, 39018, 2661, 287, 0
5057, 311, 7, 8, 0, 0, 4.06%, 6, 3, 2, 12.20, 39079, 2661, 288, 0
5062, 311, 7, 8, 0, 0, 4.06%, 6, 3, 2, 13.46, 39144, 2661, 288, 0
5067, 312, 7, 8, 0, 0, 4.06%, 6, 3, 2, 13.63, 39205, 2661, 288, 0
5076, 312, 6, 8, 0, 0, 4.06%, 6, 3, 2, 0.38, 39255, 2661, 288, 0
5085, 312, 6, 8, 0, 0, 4.06%, 6, 3, 2, 0.57, 39309, 2661, 288, 0
5093, 313, 6, 8, 0, 0, 4.06%, 6, 3, 2, 0.38, 39330, 2661, 290, 0
5101, 313, 2, 8, 0, 0, 4.06%, 6, 3, 2, 0.19, 39376, 2661, 290, 0
5106, 313, 6, 8, 0, 0, 4.06%, 6, 3, 2, 12.09, 39438, 2661, 291, 0
5112, 314, 6, 8, 0, 0, 4.06%, 6, 3, 2, 12.65, 39505, 2661, 291, 0
5117, 315, 1, 8, 0, 0, 4.06%, 6, 3, 2, 13.81, 39577, 2661, 291, 0
5122, 315, 0, 8, 0, 0, 4.06%, 6, 3, 2, 13.50, 39649, 2661, 291, 0
5130, 316, 6, 8, 0, 0, 4.06%, 6, 3, 2, 0.39, 39681, 2661, 291, 0
5135, 316, 0, 8, 0, 0, 4.06%, 6, 3, 2, 0.45, 39700, 2661, 291, 0
5141, 316, 6, 8, 0, 0, 4.06%, 6, 3, 2, 12.30, 39766, 2661, 291, 0
5146, 317, 2, 8, 0, 0, 4.06%, 6, 3, 2, 12.46, 39823, 2661, 291, 0
5151, 317, 6, 8, 0, 0, 4.06%, 6, 3, 2, 12.63, 39889, 2661, 291, 0
5157, 317, 7, 8, 0, 0, 4.06%, 6, 4, 2, 0.19, 39902, 2661, 291, 0
5165, 318, 4, 8, 0, 0, 4.06%, 6, 4, 2, 0.19, 39945, 2661, 291, 0
5170, 318, 6, 8, 0, 0, 4.06%, 6, 4, 2, 3.86, 39998, 2661, 293, 0
5176, 318, 6, 8, 0, 0, 4.06%, 6, 4, 2, 0.19, 40002, 2661, 293, 0
5181, 319, 6, 8, 0, 0, 4.06%, 6, 4, 2, 12.42, 40061, 2661, 295, 0
5186, 319, 6, 8, 0, 0, 4.06%, 6, 4, 2, 12.10, 40117, 2661, 295, 0
5191, 320, 4, 8, 0, 0, 4.06%, 6, 4, 2, 12.62, 40183, 2661, 295, 0
5198, 320, 6, 8, 0, 0, 4.06%, 6, 4, 2, 0.57, 40208, 2661, 296, 0
5203, 320, 1, 8, 0, 0, 4.06%, 6, 4, 2, 13.44, 40275, 2661, 296, 0
5210, 321, 4, 8, 0, 0, 4.06%, 6, 4, 2, 0.20, 40294, 2661, 296, 0
5215, 321, 0, 8, 0, 0, 4.06%, 6, 4, 2, 11.43, 40359, 2661, 298, 0
5225, 322, 5, 8, 0, 0, 4.06%, 6, 4, 2, 0.38, 40413, 2661, 298, 0
5230, 322, 6, 8, 0, 0, 4.06%, 6, 4, 2, 12.34, 40475, 2661, 299, 0
5235, 323, 6, 8, 0, 0, 4.06%, 6, 4, 2, 12.06, 40534, 2661, 299, 0
5241, 323, 6, 8, 0, 0, 4.06%, 6, 4, 2, 13.59, 40604, 2661, 300, 0
5246, 324, 7, 8, 0, 0, 4.06%, 6, 4, 2, 12.34, 40662, 2661, 302, 0
5251, 324, 6, 8, 0, 0, 4.06%, 6, 4, 2, 12.58, 40704, 2661, 302, 0
5258, 324, 6, 8, 0, 0, 4.06%, 6, 4, 2, 0.38, 40731, 2661, 302, 0
5264, 325, 6, 8, 0, 0, 4.06%, 6, 4, 2, 0.42, 40774, 2661, 302, 0
5269, 325, 1, 8, 0, 0, 4.06%, 6, 4, 2, 12.91, 40838, 2661, 302, 0
5274, 326, 6, 8, 0, 0, 4.06%, 6, 4, 2, 12.44, 40897, 2661, 302, 0
5280, 326, 6, 8, 0, 0, 4.06%, 6, 4, 2, 12.60, 40963, 2661, 302, 0
5285, 327, 6, 8, 0, 0, 4.06%, 6, 4, 2, 12.71, 41029, 2661, 302, 0
5290, 327, 6, 8, 0, 0, 4.06%, 6, 4, 2, 12.74, 41095, 2661, 302, 0
5295, 328, 6, 8, 0, 0, 4.06%, 6, 4, 2, 12.36, 41156, 2661, 303, 0
5302, 328, 6, 8, 0, 0, 4.06%, 6, 4, 2, 0.19, 41184, 2661, 303, 0
5307, 329, 6, 8, 0, 0, 4.06%, 6, 4, 2, 12.36, 41244, 2661, 304, 0
5317, 329, 6, 8, 0, 0, 4.06%, 6, 4, 2, 0.57, 41300, 2661, 305, 0
5322, 330, 4, 8, 0, 0, 4.06%, 6, 4, 2, 12.85, 41363, 2661, 307, 0
5332, 330, 6, 8, 0, 0, 4.06%, 6, 4, 2, 0.19, 41416, 2661, 308, 0
5341, 330, 6, 8, 0, 0, 4.06%, 6, 4, 2, 0.20, 41477, 2661, 308, 0
5347, 331, 7, 8, 0, 0, 4.06%, 6, 4, 2, 12.96, 41540, 2661, 309, 0
5352, 332, 6, 8, 0, 0, 4.06%, 6, 4, 2, 12.87, 41606, 2661, 309, 0
5357, 332, 6, 8, 0, 0, 4.06%, 6, 4, 2, 12.51, 41661, 2661, 310, 0
5362, 333, 1, 8, 0, 0, 4.06%, 6, 4, 2, 13.69, 41726, 2661, 313, 0
5367, 333, 0, 8, 0, 0, 4.06%, 6, 4, 2, 12.32, 41784, 2661, 315, 0
5373, 334, 6, 8, 0, 0, 4.06%, 6, 4, 2, 12.07, 41849, 2661, 315, 0
5381, 334, 6, 8, 0, 0, 4.06%, 6, 4, 2, 0.38, 41900, 2661, 315, 0
5387, 335, 4, 8, 0, 0, 4.06%, 6, 4, 2, 10.11, 41960, 2661, 317, 0
5393, 335, 6, 8, 0, 0, 4.06%, 6, 4, 2, 0.38, 41983, 2661, 317, 0
5399, 335, 2, 8, 0, 0, 4.06%, 6, 4, 2, 11.37, 42048, 2661, 317, 0
5404, 336, 1, 8, 0, 0, 4.06%, 6, 4, 2, 12.21, 42107, 2661, 317, 0
5413, 336, 0, 8, 0, 0, 4.06%, 6, 4, 2, 0.20, 42157, 2661, 317, 0
5421, 336, 6, 8, 0, 0, 4.06%, 6, 4, 2, 0.19, 42197, 2661, 317, 0
5426, 337, 6, 8, 0, 0, 4.06%, 6, 4, 2, 12.35, 42255, 2661, 319, 0
5431, 338, 6, 8, 0, 0, 4.06%, 6, 4, 2, 12.63, 42321, 2661, 319, 0
5439, 338, 6, 8, 0, 0, 4.06%, 6, 4, 2, 0.38, 42356, 2661, 319, 0
5444, 338, 6, 8, 0, 0, 4.06%, 6, 4, 2, 0.40, 42359, 2661, 319, 0
5449, 338, 4, 8, 0, 0, 4.06%, 6, 4, 2, 13.09, 42425, 2661, 319, 0
5454, 339, 4, 8, 0, 0, 4.06%, 6, 4, 2, 13.76, 42495, 2661, 320, 0
5462, 339, 6, 8, 0, 0, 4.06%, 6, 4, 2, 0.19, 42532, 2661, 320, 0
5468, 340, 0, 8, 0, 0, 4.06%, 6, 4, 2, 14.46, 42584, 2661, 321, 0
5473, 340, 6, 8, 0, 0, 4.06%, 6, 4, 2, 12.88, 42644, 2661, 321, 0
5478, 341, 6, 8, 0, 0, 4.06%, 6, 4, 2, 12.77, 42710, 2661, 321, 0
5485, 341, 6, 8, 0, 0, 4.06%, 6, 4, 2, 0.19, 42738, 2661, 321, 0
5490, 342, 1, 8, 0, 0, 4.06%, 6, 4, 2, 13.18, 42804, 2661, 321, 0
5496, 342, 6, 8, 0, 0, 4.06%, 6, 4, 2, 12.78, 42860, 2661, 322, 0
5501, 343, 7, 8, 0, 0, 4.06%, 6, 4, 2, 12.24, 42919, 2661, 322, 0
5508, 343, 6, 8, 0, 0, 4.06%, 6, 4, 2, 0.57, 42943, 2661, 323, 0
5513, 343, 6, 8, 0, 0, 4.06%, 6, 4, 2, 12.16, 43001, 2661, 325, 0
5518, 344, 0, 8, 0, 0, 4.06%, 6, 4, 2, 11.65, 43059, 2661, 327, 0
5523, 344, 1, 8, 0, 0, 4.06%, 6, 4, 2, 14.11, 43134, 2661, 327, 0
5531, 345, 0, 8, 0, 0, 4.06%, 6, 4, 2, 0.57, 43173, 2661, 327, 0
5536, 345, 0, 8, 0, 0, 4.06%, 6, 4, 2, 11.01, 43236, 2661, 328, 0
5543, 345, 0, 8, 0, 0, 4.06%, 6, 4, 2, 0.57, 43251, 2661, 328, 0
5549, 345, 0, 8, 0, 0, 4.06%, 6, 4, 2, 0.57, 43272, 2661, 328, 0
5554, 346, 0, 8, 0, 0, 4.06%, 6, 4, 2, 12.83, 43338, 2661, 328, 0
5560, 347, 6, 8, 0, 0, 4.06%, 6, 4, 2, 12.81, 43404, 2661, 328, 0
5565, 347, 1, 8, 0, 0, 4.06%, 6, 4, 2, 13.58, 43472, 2661, 329, 0
5573, 347, 0, 8, 0, 0, 4.06%, 6, 4, 2, 0.38, 43513, 2661, 329, 0
5578, 348, 4, 8, 0, 0, 4.06%, 6, 4, 2, 12.61, 43572, 2661, 329, 0
5583, 348, 0, 8, 0, 0, 4.06%, 6, 4, 2, 13.03, 43638, 2661, 330, 0
5588, 349, 6, 8, 0, 0, 4.06%, 6, 4, 2, 13.41, 43708, 2661, 330, 0
5597, 349, 4, 8, 0, 0, 4.06%, 6, 4, 2, 0.38, 43745, 2661, 330, 0
5602, 350, 6, 8, 0, 0, 4.06%, 6, 4, 2, 13.61, 43816, 2661, 331, 0
5607, 350, 1, 8, 0, 0, 4.06%, 6, 4, 2, 12.76, 43845, 2661, 331, 0
5612, 351, 6, 8, 0, 0, 4.06%, 6, 4, 2, 12.79, 43909, 2661, 332, 0
5617, 351, 6, 8, 0, 0, 4.06%, 6, 4, 2, 12.35, 43970, 2661, 333, 0
5622, 352, 4, 8, 0, 0, 4.06%, 6, 4, 2, 12.61, 44036, 2661, 333, 0
5627, 352, 1, 8, 0, 0, 4.06%, 6, 4, 2, 12.38, 44092, 2661, 333, 0
5633, 353, 2, 8, 0, 0, 4.06%, 6, 4, 2, 12.04, 44150, 2661, 335, 0
5638, 353, 6, 8, 0, 0, 4.06%, 6, 4, 2, 11.86, 44208, 2661, 337, 0
5643, 353, 7, 8, 0, 0, 4.06%, 6, 4, 2, 0.57, 44237, 2661, 337, 0
5649, 354, 6, 8, 0, 0, 4.06%, 6, 4, 2, 12.10, 44297, 2661, 337, 0
5655, 354, 0, 8, 0, 0, 4.06%, 6, 4, 2, 0.19, 44307, 2661, 337, 0
5662, 354, 7, 8, 0, 0, 4.06%, 6, 4, 2, 0.57, 44337, 2661, 337, 0
5667, 355, 4, 8, 0, 0, 4.06%, 6, 4, 2, 12.78, 44403, 2661, 337, 0
5673, 355, 6, 8, 0, 0, 4.06%, 6, 4, 2, 12.17, 44468, 2661, 337, 0
5678, 356, 6, 8, 0, 0, 4.06%, 6, 4, 2, 11.63, 44521, 2661, 337, 0
5683, 356, 6, 8, 0, 0, 4.06%, 6, 4, 2, 12.46, 44587, 2661, 337, 0
5688, 357, 7, 8, 0, 0, 4.06%, 6, 4, 2, 11.91, 44648, 2661, 338, 0
5695, 357, 7, 8, 0, 0, 4.06%, 6, 4, 2, 0.20, 44658, 2661, 338, 0
5702, 357, 6, 8, 0, 0, 4.06%, 6, 4, 2, 0.19, 44696, 2661, 338, 0
5708, 358, 0, 8, 0, 0, 4.06%, 6, 4, 2, 12.69, 44762, 2661, 338, 0
5713, 358, 0, 8, 0, 0, 4.06%, 6, 4, 2, 12.47, 44820, 2661, 339, 0
5718, 359, 1, 8, 0, 0, 4.06%, 6, 4, 2, 12.67, 44885, 2661, 339, 0
5723, 359, 6, 8, 0, 0, 4.06%, 6, 4, 2, 12.75, 44951, 2661, 339, 0
5728, 360, 7, 8, 0, 0, 4.06%, 6, 4, 2, 12.10, 45005, 2661, 340, 0
5733, 360, 6, 8, 0, 0, 4.06%, 6, 4, 2, 12.57, 45071, 2661, 340, 0
5743, 361, 6, 8, 0, 0, 4.06%, 6, 4, 2, 0.57, 45134, 2661, 340, 0
5748, 361, 6, 8, 0, 0, 4.06%, 6, 4, 2, 12.48, 45194, 2661, 340, 0
5753, 362, 6, 8, 0, 0, 4.06%, 6, 4, 2, 0.72, 45222, 2661, 341, 0
5758, 362, 1, 8, 0, 0, 4.06%, 6, 4, 2, 12.42, 45283, 2661, 342, 0
5763, 363, 6, 8, 0, 0, 4.06%, 6, 4, 2, 14.01, 45355, 2661, 343, 0
5768, 363, 5, 8, 0, 0, 4.06%, 6, 4, 2, 12.83, 45414, 2661, 343, 0
5774, 364, 6, 8, 0, 0, 4.06%, 6, 4, 2, 12.82, 45475, 2661, 343, 0
5779, 364, 0, 8, 0, 0, 4.06%, 6, 4, 2, 12.33, 45535, 2661, 345, 0
5789, 365, 6, 8, 0, 0, 4.06%, 6, 4, 2, 0.57, 45605, 2661, 345, 0
5796, 365, 6, 8, 0, 0, 4.06%, 6, 4, 2, 0.19, 45626, 2661, 345, 0
5801, 366, 2, 8, 0, 0, 4.06%, 6, 4, 2, 12.71, 45692, 2661, 345, 0
5810, 366, 6, 8, 0, 0, 4.06%, 6, 4, 2, 0.57, 45733, 2661, 346, 0
5815, 366, 1, 8, 0, 0, 4.06%, 6, 4, 2, 12.63, 45794, 2661, 347, 0
5820, 367, 1, 8, 0, 0, 4.06%, 6, 4, 2, 13.52, 45864, 2661, 348, 0
5825, 368, 2, 8, 0, 0, 4.06%, 6, 4, 2, 13.08, 45932, 2661, 348, 0
5830, 368, 0, 8, 0, 0, 4.06%, 6, 4, 2, 13.39, 45991, 2661, 349, 0
5836, 369, 6, 8, 0, 0, 4.06%, 6, 4, 2, 13.34, 46058, 2661, 350, 0
5841, 369, 1, 8, 0, 0, 4.06%, 6, 4, 2, 12.89, 46124, 2661, 350, 0
5847, 369, 6, 8, 0, 0, 4.06%, 6, 4, 2, 0.39, 46138, 2661, 350, 0
5855, 370, 6, 8, 0, 0, 4.06%, 6, 4, 2, 0.57, 46183, 2661, 350, 0
5860, 370, 6, 8, 0, 0, 4.06%, 6, 4, 2, 12.60, 46244, 2661, 351, 0
5866, 371, 0, 9, 1, 0, 4.06%, 6, 4, 2, 12.65, 46310, 2661, 351, 0
5871, 371, 0, 9, 1, 0, 4.06%, 6, 4, 2, 0.19, 46320, 2661, 351, 0
5881, 371, 8, 9, 1, 0, 4.06%, 6, 4, 2, 0.38, 46382, 2661, 351, 0
5886, 371, 8, 9, 1, 0, 4.06%, 6, 4, 2, 12.82, 46448, 2661, 351, 0
5892, 371, 8, 9, 1, 0, 4.06%, 6, 4, 2, 12.86, 46514, 2661, 351, 0
5897, 371, 8, 9, 1, 0, 4.06%, 6, 4, 2, 12.32, 46577, 2661, 351, 0
5902, 371, 7, 9, 0, 0, 4.06%, 6, 4, 2, 12.06, 46634, 2661, 352, 0
5912, 372, 6, 9, 0, 0, 4.06%, 6, 4, 2, 0.58, 46700, 2661, 352, 0
5917, 372, 0, 9, 0, 0, 4.06%, 6, 4, 2, 12.04, 46756, 2661, 352, 0
5926, 373, 7, 9, 0, 0, 4.06%, 6, 4, 2, 0.57, 46796, 2661, 353, 0
5934, 373, 6, 9, 0, 0, 4.06%, 6, 4, 2, 0.38, 46833, 2661, 353, 0
5939, 373, 7, 9, 0, 0, 4.06%, 6, 4, 2, 12.20, 46887, 2661, 353, 0
5946, 373, 6, 9, 0, 0, 4.06%, 6, 4, 2, 0.54, 46916, 2661, 353, 0
5953, 374, 4, 9, 0, 0, 4.06%, 6, 4, 2, 1.05, 46933, 2661, 353, 0
5958, 374, 2, 9, 0, 0, 4.06%, 6, 4, 2, 12.46, 46999, 2661, 353, 0
5968, 375, 7, 9, 0, 0, 4.06%, 6, 4, 2, 0.57, 47061, 2661, 353, 0
5973, 375, 7, 9, 0, 0, 4.06%, 6, 4, 2, 14.71, 47122, 2661, 354, 0
5978, 375, 0, 9, 0, 0, 4.06%, 6, 4, 2, 13.06, 47186, 2661, 355, 0
5985, 376, 8, 9, 0, 0, 4.06%, 6, 4, 2, 0.84, 47225, 2661, 355, 0
5993, 376, 7, 9, 0, 0, 4.06%, 6, 4, 2, 0.19, 47263, 2661, 355, 0
5998, 376, 7, 9, 0, 0, 4.06%, 6, 4, 2, 0.19, 47267, 2661, 355, 0
6006, 376, 6, 9, 0, 0, 4.06%, 6, 4, 2, 0.38, 47296, 2661, 355, 0
6011, 377, 4, 9, 0, 0, 4.06%, 6, 4, 2, 12.52, 47356, 2661, 355, 0
6016, 377, 7, 9, 0, 0, 4.06%, 6, 4, 2, 12.45, 47418, 2661, 356, 0
6021, 378, 5, 9, 0, 0, 4.06%, 6, 4, 2, 12.43, 47481, 2661, 357, 0
6026, 378, 0, 9, 0, 0, 4.06%, 6, 4, 2, 12.58, 47545, 2661, 357, 0
6031, 378, 1, 9, 0, 0, 4.06%, 6, 4, 2, 12.78, 47611, 2661, 357, 0
6038, 379, 6, 9, 0, 0, 4.06%, 6, 4, 2, 0.19, 47627, 2661, 357, 0
6044, 379, 7, 9, 0, 0, 4.06%, 6, 4, 2, 0.19, 47646, 2661, 357, 0
6049, 379, 5, 9, 0, 0, 4.06%, 6, 4, 2, 13.00, 47703, 2661, 358, 0
6055, 380, 1, 9, 0, 0, 4.06%, 6, 4, 2, 13.61, 47776, 2661, 358, 0
6060, 380, 6, 9, 0, 0, 4.06%, 6, 4, 2, 12.77, 47838, 2661, 359, 0
6065, 381, 7, 9, 0, 0, 4.06%, 6, 4, 2, 12.78, 47904, 2661, 359, 0
6070, 381, 6, 9, 0, 0, 4.06%, 6, 4, 2, 14.20, 47977, 2661, 359, 0
6075, 381, 6, 9, 0, 0, 4.06%, 6, 4, 2, 13.76, 47997, 2661, 361, 0
6081, 381, 6, 9, 0, 0, 4.06%, 6, 4, 2, 0.38, 48005, 2661, 361, 0
6086, 382, 0, 9, 0, 0, 4.06%, 6, 4, 2, 12.42, 48068, 2661, 362, 0
6091, 382, 0, 9, 0, 0, 4.06%, 6, 4, 2, 0.19, 48072, 2661, 362, 0
6099, 382, 8, 9, 0, 0, 4.06%, 6, 4, 2, 0.38, 48104, 2661, 362, 0
6104, 382, 8, 9, 0, 0, 4.06%, 6, 4, 2, 12.07, 48160, 2661, 362, 0
6109, 383, 6, 9, 0, 0, 4.06%, 6, 4, 2, 12.47, 48222, 2661, 363, 0
6114, 383, 2, 9, 0, 0, 4.06%, 6, 4, 2, 12.59, 48282, 2661, 363, 0
6119, 383, 6, 9, 0, 0, 4.06%, 6, 4, 2, 12.75, 48315, 2661, 363, 0
6124, 384, 6, 9, 0, 0, 4.06%, 6, 4, 2, 12.40, 48367, 2661, 363, 0
6129, 384, 0, 9, 0, 0, 4.06%, 6, 4, 2, 14.21, 48441, 2661, 363, 0
6134, 385, 7, 9, 0, 0, 4.06%, 6, 4, 2, 12.84, 48503, 2661, 365, 0
6140, 385, 6, 9, 0, 0, 4.06%, 6, 4, 2, 12.46, 48563, 2661, 365, 0
6145, 386, 1, 9, 0, 0, 4.06%, 6, 4, 2, 12.76, 48629, 2661, 365, 0
6150, 386, 1, 9, 0, 0, 4.06%, 6, 4, 2, 12.83, 48679, 2661, 366, 0
6155, 387, 7, 9, 0, 0, 4.06%, 6, 4, 2, 12.63, 48742, 2661, 367, 0
6164, 387, 7, 9, 0, 0, 4.06%, 6, 4, 2, 0.38, 48792, 2661, 367, 0
6169, 387, 7, 9, 0, 0, 4.06%, 6, 4, 2, 0.38, 48794, 2661, 367, 0
6176, 387, 6, 9, 0, 0, 4.06%, 6, 4, 2, 0.38, 48813, 2661, 367, 0
6181, 388, 6, 9, 0, 0, 4.06%, 6, 4, 2, 12.68, 48876, 2661, 368, 0
6190, 388, 7, 9, 0, 0, 4.06%, 6, 4, 2, 0.57, 48924, 2661, 368, 0
6195, 388, 0, 9, 0, 0, 4.06%, 6, 4, 2, 0.28, 48940, 2661, 369, 0
6202, 388, 6, 9, 0, 0, 4.06%, 6, 4, 2, 0.57, 48969, 2661, 369, 0
6208, 388, 7, 9, 0, 0, 4.06%, 6, 4, 2, 0.57, 48987, 2661, 369, 0
6213, 389, 7, 9, 0, 0, 4.06%, 6, 4, 2, 12.77, 49053, 2661, 369, 0
6223, 390, 7, 9, 0, 0, 4.06%, 6, 4, 2, 0.38, 49122, 2661, 370, 0
6228, 390, 7, 9, 0, 0, 4.06%, 6, 4, 2, 12.88, 49143, 2661, 370, 0
6236, 390, 6, 9, 0, 0, 4.06%, 6, 4, 2, 0.38, 49175, 2661, 370, 0
6242, 390, 6, 9, 0, 0, 4.06%, 6, 4, 2, 0.57, 49190, 2661, 370, 0
6250, 390, 7, 9, 0, 0, 4.06%, 6, 4, 2, 0.84, 49204, 2661, 370, 0
6255, 391, 6, 9, 0, 0, 4.06%, 6, 4, 2, 12.38, 49262, 2661, 371, 0
6260, 391, 7, 9, 0, 0, 4.06%, 6, 4, 2, 1.66, 49320, 2661, 371, 0
6266, 391, 7, 9, 0, 0, 4.06%, 6, 4, 2, 12.30, 49383, 2661, 372, 0
6275, 392, 6, 9, 0, 0, 4.06%, 6, 4, 2, 0.19, 49427, 2661, 374, 0
6280, 392, 6, 9, 0, 0, 4.06%, 6, 4, 2, 12.62, 49489, 2661, 375, 0
6287, 392, 8, 9, 0, 0, 4.06%, 6, 4, 2, 0.38, 49512, 2661, 375, 0
6292, 393, 6, 9, 0, 0, 4.06%, 6, 4, 2, 12.23, 49569, 2661, 375, 0
6297, 393, 5, 9, 0, 0, 4.06%, 6, 4, 2, 12.53, 49625, 2661, 376, 0
6303, 393, 5, 9, 0, 0, 4.06%, 6, 4, 2, 0.19, 49629, 2661, 376, 0
6310, 393, 7, 9, 0, 0, 4.06%, 6, 4, 2, 0.38, 49661, 2661, 376, 0
6320, 394, 7, 9, 0, 0, 4.06%, 6, 4, 2, 0.57, 49718, 2661, 377, 0
6328, 394, 7, 9, 0, 0, 4.06%, 6, 4, 2, 0.57, 49761, 2661, 378, 0
6336, 394, 6, 9, 0, 0, 4.06%, 6, 4, 2, 0.57, 49802, 2661, 378, 0
6345, 395, 7, 9, 0, 0, 4.06%, 6, 4, 2, 0.19, 49855, 2661, 379, 0
6353, 395, 7, 9, 0, 0, 4.06%, 6, 4, 2, 0.57, 49886, 2661, 379, 0
6358, 395, 8, 9, 0, 0, 4.06%, 6, 4, 2, 12.23, 49947, 2661, 380, 0
6363, 396, 6, 9, 0, 0, 4.06%, 6, 4, 2, 12.45, 50004, 2661, 380, 0
6373, 396, 6, 9, 0, 0, 4.06%, 6, 4, 2, 0.19, 50059, 2661, 380, 0
6378, 396, 7, 9, 0, 0, 4.06%, 6, 4, 2, 12.82, 50125, 2661, 380, 0
6383, 397, 6, 9, 0, 0, 4.06%, 6, 4, 2, 12.25, 50189, 2661, 381, 0
6388, 397, 4, 9, 0, 0, 4.06%, 6, 4, 2, 12.71, 50255, 2661, 381, 0
6394, 398, 8, 9, 0, 0, 4.06%, 6, 4, 2, 12.70, 50321, 2661, 381, 0
6399, 398, 7, 9, 0, 0, 4.06%, 6, 4, 2, 12.88, 50377, 2661, 381, 0
6404, 399, 8, 9, 0, 0, 4.06%, 6, 4, 2, 12.83, 50440, 2661, 382, 0
6413, 399, 6, 9, 0, 0, 4.06%, 6, 4, 2, 0.57, 50499, 2661, 382, 0
6419, 399, 6, 9, 0, 0, 4.06%, 6, 4, 2, 0.19, 50509, 2661, 382, 0
6424, 399, 6, 9, 0, 0, 4.06%, 6, 4, 2, 13.10, 50578, 2661, 382, 0
6430, 400, 6, 9, 0, 0, 4.06%, 6, 4, 2, 0.19, 50587, 2661, 383, 0
6439, 400, 7, 9, 0, 0, 4.06%, 6, 4, 2, 0.19, 50639, 2661, 383, 0
6448, 400, 0, 9, 0, 0, 4.06%, 6, 4, 2, 2.13, 50676, 2661, 384, 0
6453, 401, 1, 9, 0, 0, 4.06%, 6, 4, 2, 12.42, 50736, 2661, 384, 0
6458, 401, 8, 9, 0, 0, 4.06%, 6, 4, 2, 12.72, 50802, 2661, 384, 0
6463, 401, 8, 9, 0, 0, 4.06%, 6, 4, 2, 11.66, 50853, 2661, 386, 0
6469, 401, 8, 9, 0, 0, 4.06%, 6, 4, 2, 0.38, 50864, 2661, 386, 0
6474, 402, 5, 9, 0, 0, 4.06%, 6, 4, 2, 12.84, 50930, 2661, 386, 0
6479, 402, 7, 9, 0, 0, 4.06%, 6, 4, 2, 12.79, 50996, 2661, 386, 0
6485, 403, 6, 9, 0, 0, 4.06%, 6, 4, 2, 12.80, 51062, 2661, 386, 0
6493, 403, 6, 9, 0, 0, 4.06%, 6, 4, 2, 0.38, 51106, 2661, 386, 0
6503, 403, 2, 9, 0, 0, 4.06%, 6, 4, 2, 0.57, 51168, 2661, 386, 0
6508, 404, 1, 9, 0, 0, 4.06%, 6, 4, 2, 13.62, 51229, 2661, 387, 0
6514, 404, 7, 9, 0, 0, 4.06%, 6, 4, 2, 13.03, 51297, 2661, 389, 0
6522, 405, 7, 9, 0, 0, 4.06%, 6, 4, 2, 0.57, 51334, 2661, 390, 0
6527, 405, 0, 9, 0, 0, 4.06%, 6, 4, 2, 10.49, 51396, 2661, 391, 0
6535, 405, 6, 9, 0, 0, 4.06%, 6, 4, 2, 0.19, 51430, 2661, 391, 0
6543, 405, 7, 9, 0, 0, 4.06%, 6, 4, 2, 0.19, 51467, 2661, 391, 0
6551, 406, 7, 9, 0, 0, 4.06%, 6, 4, 2, 0.57, 51490, 2661, 391, 0
6556, 406, 7, 9, 0, 0, 4.06%, 6, 4, 2, 13.28, 51557, 2661, 392, 0
6561, 406, 6, 9, 0, 0, 4.06%, 6, 4, 2, 12.95, 51623, 2661, 392, 0
6566, 407, 7, 9, 0, 0, 4.06%, 6, 4, 2, 0.99, 51654, 2661, 392, 0
6571, 407, 6, 9, 0, 0, 4.06%, 6, 4, 2, 0.97, 51657, 2661, 392, 0
6578, 407, 7, 9, 0, 0, 4.06%, 6, 4, 2, 0.78, 51685, 2661, 392, 0
6583, 407, 7, 9, 0, 0, 4.06%, 6, 4, 2, 0.70, 51719, 2661, 392, 0
6590, 407, 7, 9, 0, 0, 4.06%, 6, 4, 2, 0.57, 51737, 2661, 392, 0
6599, 408, 6, 9, 0, 0, 4.06%, 6, 4, 2, 0.20, 51789, 2661, 392, 0
6604, 408, 5, 9, 0, 0, 4.06%, 6, 4, 2, 14.25, 51857, 2661, 392, 0
6609, 409, 7, 9, 0, 0, 4.06%, 6, 4, 2, 12.79, 51914, 2661, 392, 0
6614, 409, 1, 9, 0, 0, 4.06%, 6, 4, 2, 13.32, 51980, 2661, 393, 0
6619, 410, 6, 9, 0, 0, 4.06%, 6, 4, 2, 13.10, 52046, 2661, 394, 0
6628, 410, 0, 9, 0, 0, 4.06%, 6, 4, 2, 0.75, 52095, 2661, 394, 0
6633, 410, 8, 9, 0, 0, 4.06%, 6, 4, 2, 12.84, 52161, 2661, 394, 0
6641, 410, 8, 9, 0, 0, 4.06%, 6, 4, 2, 0.19, 52187, 2661, 396, 0
6646, 411, 6, 9, 0, 0, 4.06%, 6, 4, 2, 12.83, 52253, 2661, 396, 0
6651, 411, 8, 9, 0, 0, 4.06%, 6, 4, 2, 12.37, 52315, 2661, 396, 0
6656, 412, 7, 9, 0, 0, 4.06%, 6, 4, 2, 12.60, 52381, 2661, 396, 0
6666, 412, 6, 9, 0, 0, 4.06%, 6, 4, 2, 0.38, 52436, 2661, 397, 0
6671, 413, 6, 9, 0, 0, 4.06%, 6, 4, 2, 10.55, 52496, 2661, 398, 0
6676, 413, 7, 9, 0, 0, 4.06%, 6, 4, 2, 13.35, 52567, 2661, 399, 0
6682, 413, 7, 9, 0, 0, 4.06%, 6, 4, 2, 0.19, 52580, 2661, 399, 0
6688, 413, 7, 9, 0, 0, 4.06%, 6, 4, 2, 0.84, 52607, 2661, 399, 0
6698, 414, 0, 9, 0, 0, 4.06%, 6, 4, 2, 0.57, 52670, 2661, 399, 0
6703, 414, 0, 9, 0, 0, 4.06%, 6, 4, 2, 14.23, 52744, 2661, 399, 0
6708, 415, 6, 9, 0, 0, 4.06%, 6, 4, 2, 13.20, 52809, 2661, 399, 0
6714, 415, 6, 9, 0, 0, 4.06%, 6, 4, 2, 2.28, 52860, 2661, 399, 0
6720, 416, 0, 9, 0, 0, 4.06%, 6, 4, 2, 13.23, 52927, 2661, 399, 0
6725, 416, 0, 9, 0, 0, 4.06%, 6, 4, 2, 0.57, 52930, 2661, 399, 0
6734, 416, 7, 9, 0, 0, 4.06%, 6, 4, 2, 0.38, 52981, 2661, 400, 0
6739, 417, 6, 9, 0, 0, 4.06%, 6, 4, 2, 12.61, 53046, 2661, 400, 0
6744, 417, 5, 9, 0, 0, 4.06%, 6, 4, 2, 12.44, 53109, 2661, 401, 0
6751, 417, 8, 9, 0, 0, 4.06%, 6, 4, 2, 0.38, 53132, 2661, 401, 0
6757, 418, 8, 9, 0, 0, 4.06%, 6, 4, 2, 2.41, 53195, 2661, 401, 0
6762, 418, 6, 9, 0, 0, 4.06%, 6, 4, 2, 11.81, 53245, 2661, 402, 0
6767, 418, 6, 9, 0, 0, 4.06%, 6, 4, 2, 12.49, 53311, 2661, 402, 0
6772, 419, 6, 9, 0, 0, 4.06%, 6, 4, 2, 12.46, 53373, 2661, 402, 0
6777, 419, 5, 9, 0, 0, 4.06%, 6, 4, 2, 12.72, 53439, 2661, 402, 0
6785, 420, 7, 9, 0, 0, 4.06%, 6, 4, 2, 0.19, 53473, 2661, 402, 0
6790, 420, 6, 9, 0, 0, 4.06%, 6, 4, 2, 12.08, 53529, 2661, 403, 0
6798, 420, 6, 9, 0, 0, 4.06%, 6, 4, 2, 0.59, 53565, 2661, 404, 0
6803, 421, 1, 9, 0, 0, 4.06%, 6, 4, 2, 13.31, 53628, 2661, 405, 0
6808, 421, 0, 9, 0, 0, 4.06%, 6, 4, 2, 12.58, 53686, 2661, 405, 0
6814, 421, 6, 9, 0, 0, 4.06%, 6, 4, 2, 0.19, 53690, 2661, 405, 0
6820, 421, 0, 9, 0, 0, 4.06%, 6, 4, 2, 0.19, 53700, 2661, 405, 0
6827, 422, 0, 9, 0, 0, 4.06%, 6, 4, 2, 0.57, 53736, 2661, 405, 0
6833, 422, 7, 9, 0, 0, 4.06%, 6, 4, 2, 13.07, 53802, 2661, 405, 0
6838, 423, 8, 9, 0, 0, 4.06%, 6, 4, 2, 12.78, 53868, 2661, 405, 0
6845, 423, 8, 9, 0, 0, 4.06%, 6, 4, 2, 0.57, 53891, 2661, 406, 0
6852, 423, 8, 9, 0, 0, 4.06%, 6, 4, 2, 0.75, 53924, 2661, 406, 0
6857, 423, 8, 9, 0, 0, 4.06%, 6, 4, 2, 11.41, 53941, 2661, 406, 0
6862, 423, 2, 9, 0, 0, 4.06%, 6, 4, 2, 12.19, 54002, 2661, 407, 0
6869, 423, 4, 9, 0, 0, 4.06%, 6, 4, 2, 0.19, 54024, 2661, 407, 0
6874, 424, 6, 9, 0, 0, 4.06%, 6, 4, 2, 12.98, 54088, 2661, 408, 0
6879, 424, 1, 9, 0, 0, 4.06%, 6, 4, 2, 12.87, 54155, 2661, 408, 0
6884, 425, 6, 9, 0, 0, 4.06%, 6, 4, 2, 12.51, 54217, 2661, 409, 0
6890, 425, 7, 9, 0, 0, 4.06%, 6, 4, 2, 13.68, 54286, 2661, 409, 0
6895, 426, 1, 9, 0, 0, 4.06%, 6, 4, 2, 12.97, 54342, 2661, 409, 0
6900, 426, 7, 9, 0, 0, 4.06%, 6, 4, 2, 12.72, 54395, 2661, 410, 0
6905, 426, 5, 9, 0, 0, 4.06%, 6, 4, 2, 12.56, 54457, 2661, 411, 0
6910, 427, 7, 9, 0, 0, 4.06%, 6, 4, 2, 12.38, 54519, 2661, 412, 0
6915, 427, 6, 9, 0, 0, 4.06%, 6, 4, 2, 12.30, 54582, 2661, 413, 0
6920, 428, 8, 9, 0, 0, 4.06%, 6, 4, 2, 12.40, 54643, 2661, 414, 0
6925, 428, 7, 9, 0, 0, 4.06%, 6, 4, 2, 12.18, 54702, 2661, 416, 0
6930, 428, 6, 9, 0, 0, 4.06%, 6, 4, 2, 12.31, 54765, 2661, 418, 0
6936, 429, 1, 9, 0, 0, 4.06%, 6, 4, 2, 12.43, 54828, 2661, 419, 0
6943, 429, 7, 9, 0, 0, 4.06%, 6, 4, 2, 0.38, 54857, 2661, 419, 0
6951, 429, 8, 9, 0, 0, 4.06%, 6, 4, 2, 0.19, 54890, 2661, 420, 0
6957, 429, 0, 9, 0, 0, 4.06%, 6, 4, 2, 0.57, 54908, 2661, 420, 0
6963, 429, 0, 9, 0, 0, 4.06%, 6, 4, 2, 0.38, 54916, 2661, 420, 0
6968, 430, 8, 9, 0, 0, 4.06%, 6, 4, 2, 12.82, 54982, 2661, 420, 0
6973, 430, 6, 9, 0, 0, 4.06%, 6, 4, 2, 12.40, 55039, 2661, 421, 0
6978, 430, 8, 9, 0, 0, 4.06%, 6, 4, 2, 12.70, 55099, 2661, 423, 0
6983, 431, 1, 9, 0, 0, 4.06%, 6, 4, 2, 12.31, 55156, 2661, 425, 0
6991, 431, 8, 9, 0, 0, 4.06%, 6, 4, 2, 0.38, 55197, 2661, 425, 0
6997, 431, 8, 9, 0, 0, 4.06%, 6, 4, 2, 0.38, 55199, 2661, 425, 0
7002, 431, 6, 9, 0, 0, 4.06%, 6, 4, 2, 12.80, 55265, 2661, 425, 0
7007, 431, 6, 9, 0, 0, 4.06%, 6, 4, 2, 0.38, 55267, 2661, 425, 0
7012, 431, 6, 9, 0, 0, 4.06%, 6, 4, 2, 0.40, 55270, 2661, 425, 0
7017, 432, 6, 9, 0, 0, 4.06%, 6, 4, 2, 12.90, 55336, 2661, 425, 0
7025, 432, 0, 9, 0, 0, 4.06%, 6, 4, 2, 0.38, 55365, 2661, 425, 0
7030, 432, 6, 9, 0, 0, 4.06%, 6, 4, 2, 12.77, 55420, 2661, 425, 0
7035, 433, 7, 9, 0, 0, 4.06%, 6, 4, 2, 11.95, 55466, 2661, 426, 0
7043, 433, 0, 9, 0, 0, 4.06%, 6, 4, 2, 0.57, 55499, 2661, 426, 0
7051, 433, 7, 9, 0, 0, 4.06%, 6, 4, 2, 0.19, 55539, 2661, 426, 0
7058, 433, 7, 9, 0, 0, 4.06%, 6, 4, 2, 0.57, 55566, 2661, 426, 0
7063, 434, 6, 9, 0, 0, 4.06%, 6, 4, 2, 13.98, 55639, 2661, 426, 0
7068, 434, 1, 9, 0, 0, 4.06%, 6, 4, 2, 12.83, 55701, 2661, 426, 0
7073, 435, 1, 9, 0, 0, 4.06%, 6, 4, 2, 13.29, 55769, 2661, 426, 0
7083, 435, 0, 9, 0, 0, 4.06%, 6, 4, 2, 0.57, 55815, 2661, 427, 0
7090, 436, 7, 9, 0, 0, 4.06%, 6, 4, 2, 0.19, 55837, 2661, 427, 0
7095, 436, 6, 9, 0, 0, 4.06%, 6, 4, 2, 11.75, 55892, 2661, 429, 0
7103, 436, 4, 9, 0, 0, 4.06%, 6, 4, 2, 0.19, 55935, 2661, 430, 0
7109, 437, 6, 9, 0, 0, 4.06%, 6, 4, 2, 12.90, 55993, 2661, 431, 0
7114, 437, 5, 9, 0, 0, 4.06%, 6, 4, 2, 12.88, 56059, 2661, 431, 0
7119, 437, 6, 9, 0, 0, 4.06%, 6, 4, 2, 12.79, 56125, 2661, 431, 0
7124, 438, 8, 9, 0, 0, 4.06%, 6, 4, 2, 0.99, 56142, 2661, 432, 0
7130, 438, 7, 9, 0, 0, 4.06%, 6, 4, 2, 12.87, 56208, 2661, 432, 0
7135, 438, 8, 9, 0, 0, 4.06%, 6, 4, 2, 12.88, 56274, 2661, 432, 0
7142, 438, 6, 9, 0, 0, 4.06%, 6, 4, 2, 0.57, 56301, 2661, 432, 0
7147, 439, 6, 9, 0, 0, 4.06%, 6, 4, 2, 12.24, 56363, 2661, 432, 0
7152, 439, 7, 9, 0, 0, 4.06%, 6, 4, 2, 11.69, 56422, 2661, 433, 0
7157, 440, 7, 9, 0, 0, 4.06%, 6, 4, 2, 12.95, 56489, 2661, 433, 0
7162, 440, 2, 9, 0, 0, 4.06%, 6, 4, 2, 12.63, 56551, 2661, 434, 0
7173, 441, 7, 9, 0, 0, 4.06%, 6, 4, 2, 0.57, 56614, 2661, 435, 0
7180, 441, 7, 9, 0, 0, 4.06%, 6, 4, 2, 0.38, 56649, 2661, 435, 0
7186, 441, 7, 9, 0, 0, 4.06%, 6, 4, 2, 0.19, 56662, 2661, 435, 0
7191, 441, 6, 9, 0, 0, 4.06%, 6, 4, 2, 12.52, 56724, 2661, 436, 0
7199, 442, 4, 9, 0, 0, 4.06%, 6, 4, 2, 0.38, 56759, 2661, 436, 0
7200, 442, 4, 9, 0, 0, 4.06%, 6, 4, 2, 12.82, 56763, 2661, 436, 0
